0 0 49 0 1000 1 -1 -1 1001 2 1000 3 -1 -1 1001 4 1000 1 -1 -1 1001 5 -1 -1 1002 6 -1 -1 -1 -1 -1 -1 1002 2 1000 6 -1 -1 1001 2 1000 6 -1 -1 1001 6 -1 -1 -1 -1 -1 -1
1 1 9 7 1000 1 -1 -1 1001 5 -1 -1
2 2 37 8 1000 1 -1 -1 1001 0 1000 1 -1 -1 1001 6 -1 -1 1002 4 1000 1 -1 -1 1001 5 -1 -1 1002 6 -1 -1 -1 -1 -1 -1 1002 5 -1 -1
3 3 29 2 1000 3 -1 -1 1001 2 1000 3 -1 -1 1001 2 1000 3 -1 -1 1001 9 1000 10 -1 -1 -1 -1 -1 -1 -1 -1
4 4 37 8 1000 8 1000 8 1000 1 -1 -1 1001 5 -1 -1 1002 5 -1 -1 -1 -1 1001 5 -1 -1 1002 5 -1 -1 -1 -1 1001 5 -1 -1 1002 5 -1 -1
5 5 9 11 1000 10 -1 -1 1001 1 -1 -1
6 6 25 8 1000 1 -1 -1 1001 8 1000 5 -1 -1 1001 1 -1 -1 1002 5 -1 -1 -1 -1 1002 5 -1 -1
7 7 21 12 1000 3 -1 -1 1001 4 1000 1 -1 -1 1001 5 -1 -1 1002 13 -1 -1 -1 -1
8 8 37 0 1000 1 -1 -1 1001 13 -1 -1 1002 4 1000 1 -1 -1 1001 5 -1 -1 1002 9 1000 14 1000 5 -1 -1 1001 5 -1 -1 -1 -1 -1 -1 -1 -1
9 9 53 0 1000 1 -1 -1 1001 2 1000 6 -1 -1 1001 4 1000 1 -1 -1 1001 5 -1 -1 1002 15 1000 10 -1 -1 1001 16 -1 -1 -1 -1 -1 -1 -1 -1 1002 4 1000 1 -1 -1 1001 5 -1 -1 1002 10 -1 -1 -1 -1
10 10 33 14 1000 1 -1 -1 1001 14 1000 5 -1 -1 1001 14 1000 10 -1 -1 1001 14 1000 5 -1 -1 1001 17 -1 -1 -1 -1 -1 -1 -1 -1
11 11 25 0 1000 1 -1 -1 1001 13 -1 -1 1002 15 1000 9 1000 1 -1 -1 -1 -1 1001 18 -1 -1 -1 -1
12 12 25 0 1000 1 -1 -1 1001 13 -1 -1 1002 15 1000 9 1000 1 -1 -1 -1 -1 1001 18 -1 -1 -1 -1
13 13 25 0 1000 1 -1 -1 1001 13 -1 -1 1002 15 1000 9 1000 1 -1 -1 -1 -1 1001 18 -1 -1 -1 -1
14 14 9 7 1000 1 -1 -1 1001 19 -1 -1
15 15 21 7 1000 8 1000 1 -1 -1 1001 5 -1 -1 1002 5 -1 -1 -1 -1 1001 5 -1 -1
16 16 9 7 1000 1 -1 -1 1001 10 -1 -1
17 17 9 7 1000 1 -1 -1 1001 17 -1 -1
18 18 13 8 1000 1 -1 -1 1001 5 -1 -1 1002 5 -1 -1
19 19 9 20 1000 1 -1 -1 1001 10 -1 -1
20 20 5 21 1000 1 -1 -1
21 21 37 9 1000 0 1000 1 -1 -1 1001 4 1000 1 -1 -1 1001 10 -1 -1 1002 6 -1 -1 -1 -1 1002 2 1000 6 -1 -1 1001 6 -1 -1 -1 -1 -1 -1
22 22 5 9 1000 1 -1 -1
23 23 25 14 1000 22 1000 10 -1 -1 1001 13 -1 -1 -1 -1 1001 14 1000 1 -1 -1 1001 5 -1 -1 -1 -1
24 24 33 14 1000 22 1000 1 -1 -1 1001 13 -1 -1 -1 -1 1001 14 1000 10 -1 -1 1001 14 1000 5 -1 -1 1001 17 -1 -1 -1 -1 -1 -1
25 25 41 14 1000 5 -1 -1 1001 14 1000 5 -1 -1 1001 0 1000 1 -1 -1 1001 13 -1 -1 1002 4 1000 1 -1 -1 1001 5 -1 -1 1002 13 -1 -1 -1 -1 -1 -1 -1 -1
26 26 41 14 1000 5 -1 -1 1001 14 1000 5 -1 -1 1001 0 1000 1 -1 -1 1001 13 -1 -1 1002 4 1000 1 -1 -1 1001 5 -1 -1 1002 13 -1 -1 -1 -1 -1 -1 -1 -1
27 27 41 14 1000 5 -1 -1 1001 14 1000 5 -1 -1 1001 0 1000 1 -1 -1 1001 13 -1 -1 1002 4 1000 1 -1 -1 1001 5 -1 -1 1002 13 -1 -1 -1 -1 -1 -1 -1 -1
28 28 37 0 1000 10 -1 -1 1001 2 1000 6 -1 -1 1001 4 1000 10 -1 -1 1001 5 -1 -1 1002 6 -1 -1 -1 -1 -1 -1 1002 9 1000 10 -1 -1 -1 -1
29 29 53 8 1000 0 1000 1 -1 -1 1001 15 1000 9 1000 1 -1 -1 -1 -1 1001 4 1000 1 -1 -1 1001 5 -1 -1 1002 6 -1 -1 -1 -1 -1 -1 1002 9 1000 1 -1 -1 -1 -1 -1 -1 1001 5 -1 -1 1002 5 -1 -1
30 30 45 0 1000 1 -1 -1 1001 2 1000 6 -1 -1 1001 2 1000 6 -1 -1 1001 4 1000 1 -1 -1 1001 5 -1 -1 1002 6 -1 -1 -1 -1 -1 -1 -1 -1 1002 9 1000 1 -1 -1 -1 -1
31 31 45 0 1000 1 -1 -1 1001 2 1000 6 -1 -1 1001 2 1000 6 -1 -1 1001 4 1000 1 -1 -1 1001 5 -1 -1 1002 6 -1 -1 -1 -1 -1 -1 -1 -1 1002 9 1000 1 -1 -1 -1 -1
32 32 25 0 1000 1 -1 -1 1001 13 -1 -1 1002 4 1000 1 -1 -1 1001 5 -1 -1 1002 13 -1 -1 -1 -1
33 33 25 0 1000 1 -1 -1 1001 13 -1 -1 1002 4 1000 1 -1 -1 1001 5 -1 -1 1002 13 -1 -1 -1 -1
34 34 25 0 1000 1 -1 -1 1001 13 -1 -1 1002 4 1000 1 -1 -1 1001 5 -1 -1 1002 13 -1 -1 -1 -1
35 35 25 0 1000 1 -1 -1 1001 13 -1 -1 1002 4 1000 1 -1 -1 1001 5 -1 -1 1002 13 -1 -1 -1 -1
36 36 53 0 1000 1 -1 -1 1001 2 1000 6 -1 -1 1001 4 1000 1 -1 -1 1001 5 -1 -1 1002 15 1000 6 -1 -1 1001 10 -1 -1 -1 -1 -1 -1 -1 -1 1002 4 1000 1 -1 -1 1001 5 -1 -1 1002 10 -1 -1 -1 -1
37 37 25 0 1000 1 -1 -1 1001 13 -1 -1 1002 4 1000 1 -1 -1 1001 5 -1 -1 1002 6 -1 -1 -1 -1
38 38 53 0 1000 14 1000 1 -1 -1 1001 14 1000 5 -1 -1 1001 1 -1 -1 -1 -1 -1 -1 1001 2 1000 6 -1 -1 1001 4 1000 1 -1 -1 1001 5 -1 -1 1002 6 -1 -1 -1 -1 -1 -1 1002 9 1000 1 -1 -1 -1 -1
39 39 53 0 1000 1 -1 -1 1001 2 1000 3 -1 -1 1001 2 1000 3 -1 -1 1001 2 1000 3 -1 -1 1001 2 1000 3 -1 -1 1001 9 1000 1 -1 -1 -1 -1 -1 -1 -1 -1 -1 -1 -1 -1 1002 9 1000 1 -1 -1 -1 -1
40 40 37 0 1000 1 -1 -1 1001 2 1000 6 -1 -1 1001 4 1000 1 -1 -1 1001 5 -1 -1 1002 13 -1 -1 -1 -1 -1 -1 1002 9 1000 1 -1 -1 -1 -1
41 41 37 0 1000 1 -1 -1 1001 2 1000 6 -1 -1 1001 4 1000 1 -1 -1 1001 5 -1 -1 1002 13 -1 -1 -1 -1 -1 -1 1002 9 1000 1 -1 -1 -1 -1
42 42 37 0 1000 1 -1 -1 1001 2 1000 6 -1 -1 1001 4 1000 1 -1 -1 1001 5 -1 -1 1002 13 -1 -1 -1 -1 -1 -1 1002 9 1000 1 -1 -1 -1 -1
43 43 33 14 1000 1 -1 -1 1001 14 1000 5 -1 -1 1001 14 1000 22 1000 10 -1 -1 1001 13 -1 -1 -1 -1 1001 5 -1 -1 -1 -1 -1 -1
44 44 33 14 1000 1 -1 -1 1001 14 1000 5 -1 -1 1001 14 1000 22 1000 10 -1 -1 1001 13 -1 -1 -1 -1 1001 5 -1 -1 -1 -1 -1 -1
45 45 33 14 1000 1 -1 -1 1001 14 1000 5 -1 -1 1001 14 1000 22 1000 10 -1 -1 1001 13 -1 -1 -1 -1 1001 5 -1 -1 -1 -1 -1 -1
46 46 33 14 1000 1 -1 -1 1001 14 1000 5 -1 -1 1001 14 1000 22 1000 10 -1 -1 1001 13 -1 -1 -1 -1 1001 5 -1 -1 -1 -1 -1 -1
47 47 33 14 1000 22 1000 1 -1 -1 1001 13 -1 -1 -1 -1 1001 14 1000 5 -1 -1 1001 14 1000 5 -1 -1 1001 10 -1 -1 -1 -1 -1 -1
48 48 33 14 1000 22 1000 1 -1 -1 1001 13 -1 -1 -1 -1 1001 14 1000 5 -1 -1 1001 14 1000 5 -1 -1 1001 10 -1 -1 -1 -1 -1 -1
49 49 33 14 1000 22 1000 1 -1 -1 1001 13 -1 -1 -1 -1 1001 14 1000 5 -1 -1 1001 14 1000 5 -1 -1 1001 10 -1 -1 -1 -1 -1 -1
50 50 41 14 1000 10 -1 -1 1001 14 1000 5 -1 -1 1001 14 1000 5 -1 -1 1001 14 1000 22 1000 1 -1 -1 1001 13 -1 -1 -1 -1 1001 5 -1 -1 -1 -1 -1 -1 -1 -1
51 51 41 14 1000 10 -1 -1 1001 14 1000 5 -1 -1 1001 14 1000 5 -1 -1 1001 14 1000 22 1000 1 -1 -1 1001 13 -1 -1 -1 -1 1001 5 -1 -1 -1 -1 -1 -1 -1 -1
52 52 17 14 1000 1 -1 -1 1001 14 1000 5 -1 -1 1001 10 -1 -1 -1 -1
53 53 17 14 1000 1 -1 -1 1001 14 1000 5 -1 -1 1001 10 -1 -1 -1 -1
54 54 13 0 1000 1 -1 -1 1001 23 -1 -1 1002 18 -1 -1
55 55 13 0 1000 1 -1 -1 1001 23 -1 -1 1002 18 -1 -1
56 56 13 0 1000 1 -1 -1 1001 23 -1 -1 1002 18 -1 -1
57 57 41 8 1000 8 1000 1 -1 -1 1001 5 -1 -1 1002 14 1000 5 -1 -1 1001 5 -1 -1 -1 -1 -1 -1 1001 5 -1 -1 1002 14 1000 5 -1 -1 1001 5 -1 -1 -1 -1
58 58 41 8 1000 8 1000 1 -1 -1 1001 5 -1 -1 1002 14 1000 5 -1 -1 1001 5 -1 -1 -1 -1 -1 -1 1001 5 -1 -1 1002 14 1000 5 -1 -1 1001 5 -1 -1 -1 -1
59 59 21 0 1000 1 -1 -1 1001 2 1000 18 -1 -1 1001 24 -1 -1 -1 -1 1002 18 -1 -1
60 60 21 0 1000 1 -1 -1 1001 2 1000 18 -1 -1 1001 24 -1 -1 -1 -1 1002 18 -1 -1
61 61 21 0 1000 1 -1 -1 1001 2 1000 18 -1 -1 1001 24 -1 -1 -1 -1 1002 18 -1 -1
62 62 21 0 1000 1 -1 -1 1001 2 1000 18 -1 -1 1001 24 -1 -1 -1 -1 1002 18 -1 -1
63 63 29 14 1000 5 -1 -1 1001 8 1000 1 -1 -1 1001 5 -1 -1 1002 14 1000 5 -1 -1 1001 5 -1 -1 -1 -1 -1 -1
64 64 29 14 1000 5 -1 -1 1001 8 1000 1 -1 -1 1001 5 -1 -1 1002 14 1000 5 -1 -1 1001 5 -1 -1 -1 -1 -1 -1
65 65 29 14 1000 5 -1 -1 1001 8 1000 1 -1 -1 1001 5 -1 -1 1002 14 1000 5 -1 -1 1001 5 -1 -1 -1 -1 -1 -1
66 66 29 14 1000 5 -1 -1 1001 8 1000 1 -1 -1 1001 5 -1 -1 1002 14 1000 5 -1 -1 1001 5 -1 -1 -1 -1 -1 -1
67 67 25 8 1000 8 1000 1 -1 -1 1001 5 -1 -1 1002 5 -1 -1 -1 -1 1001 5 -1 -1 1002 5 -1 -1
68 68 25 8 1000 8 1000 1 -1 -1 1001 5 -1 -1 1002 5 -1 -1 -1 -1 1001 5 -1 -1 1002 5 -1 -1
69 69 33 0 1000 1 -1 -1 1001 6 -1 -1 1002 15 1000 4 1000 1 -1 -1 1001 5 -1 -1 1002 13 -1 -1 -1 -1 1001 6 -1 -1 -1 -1
70 70 33 0 1000 1 -1 -1 1001 6 -1 -1 1002 15 1000 4 1000 1 -1 -1 1001 5 -1 -1 1002 13 -1 -1 -1 -1 1001 6 -1 -1 -1 -1
71 71 33 0 1000 1 -1 -1 1001 6 -1 -1 1002 15 1000 4 1000 1 -1 -1 1001 5 -1 -1 1002 13 -1 -1 -1 -1 1001 6 -1 -1 -1 -1
72 72 33 0 1000 1 -1 -1 1001 6 -1 -1 1002 15 1000 4 1000 1 -1 -1 1001 5 -1 -1 1002 13 -1 -1 -1 -1 1001 6 -1 -1 -1 -1
73 73 33 0 1000 1 -1 -1 1001 6 -1 -1 1002 15 1000 4 1000 1 -1 -1 1001 5 -1 -1 1002 13 -1 -1 -1 -1 1001 6 -1 -1 -1 -1
74 74 33 0 1000 1 -1 -1 1001 2 1000 6 -1 -1 1001 4 1000 1 -1 -1 1001 5 -1 -1 1002 13 -1 -1 -1 -1 -1 -1 1002 18 -1 -1
75 75 33 0 1000 1 -1 -1 1001 2 1000 6 -1 -1 1001 4 1000 1 -1 -1 1001 5 -1 -1 1002 13 -1 -1 -1 -1 -1 -1 1002 18 -1 -1
76 76 33 0 1000 1 -1 -1 1001 2 1000 6 -1 -1 1001 4 1000 1 -1 -1 1001 5 -1 -1 1002 13 -1 -1 -1 -1 -1 -1 1002 18 -1 -1
77 77 33 0 1000 1 -1 -1 1001 2 1000 6 -1 -1 1001 4 1000 1 -1 -1 1001 5 -1 -1 1002 13 -1 -1 -1 -1 -1 -1 1002 18 -1 -1
78 78 33 0 1000 1 -1 -1 1001 2 1000 6 -1 -1 1001 4 1000 1 -1 -1 1001 5 -1 -1 1002 13 -1 -1 -1 -1 -1 -1 1002 18 -1 -1
79 79 33 0 1000 1 -1 -1 1001 2 1000 6 -1 -1 1001 4 1000 1 -1 -1 1001 5 -1 -1 1002 13 -1 -1 -1 -1 -1 -1 1002 18 -1 -1
80 80 25 0 1000 1 -1 -1 1001 15 1000 9 1000 1 -1 -1 -1 -1 1001 18 -1 -1 -1 -1 1002 18 -1 -1
81 81 25 0 1000 1 -1 -1 1001 15 1000 9 1000 1 -1 -1 -1 -1 1001 18 -1 -1 -1 -1 1002 18 -1 -1
82 82 25 0 1000 1 -1 -1 1001 15 1000 9 1000 1 -1 -1 -1 -1 1001 18 -1 -1 -1 -1 1002 18 -1 -1
83 83 25 0 1000 1 -1 -1 1001 15 1000 9 1000 1 -1 -1 -1 -1 1001 18 -1 -1 -1 -1 1002 18 -1 -1
84 84 13 0 1000 1 -1 -1 1001 13 -1 -1 1002 18 -1 -1
85 85 13 0 1000 1 -1 -1 1001 13 -1 -1 1002 18 -1 -1
86 86 13 0 1000 1 -1 -1 1001 13 -1 -1 1002 18 -1 -1
87 87 13 15 1000 9 1000 1 -1 -1 -1 -1 1001 17 -1 -1
88 88 17 0 1000 1 -1 -1 1001 10 -1 -1 1002 9 1000 1 -1 -1 -1 -1
89 89 29 21 1000 0 1000 1 -1 -1 1001 13 -1 -1 1002 4 1000 1 -1 -1 1001 5 -1 -1 1002 6 -1 -1 -1 -1 -1 -1
90 90 25 0 1000 1 -1 -1 1001 13 -1 -1 1002 4 1000 1 -1 -1 1001 5 -1 -1 1002 6 -1 -1 -1 -1
91 91 25 8 1000 8 1000 1 -1 -1 1001 5 -1 -1 1002 5 -1 -1 -1 -1 1001 5 -1 -1 1002 5 -1 -1
92 92 25 8 1000 8 1000 1 -1 -1 1001 10 -1 -1 1002 5 -1 -1 -1 -1 1001 10 -1 -1 1002 5 -1 -1
93 93 25 8 1000 8 1000 1 -1 -1 1001 5 -1 -1 1002 5 -1 -1 -1 -1 1001 5 -1 -1 1002 5 -1 -1
94 94 17 14 1000 10 -1 -1 1001 14 1000 5 -1 -1 1001 1 -1 -1 -1 -1
95 95 17 14 1000 10 -1 -1 1001 14 1000 5 -1 -1 1001 1 -1 -1 -1 -1
96 96 17 14 1000 10 -1 -1 1001 14 1000 5 -1 -1 1001 1 -1 -1 -1 -1
97 97 33 0 1000 1 -1 -1 1001 13 -1 -1 1002 2 1000 3 -1 -1 1001 4 1000 1 -1 -1 1001 5 -1 -1 1002 6 -1 -1 -1 -1 -1 -1
98 98 45 0 1000 1 -1 -1 1001 2 1000 16 -1 -1 1001 4 1000 8 1000 1 -1 -1 1001 5 -1 -1 1002 5 -1 -1 -1 -1 1001 5 -1 -1 1002 6 -1 -1 -1 -1 -1 -1 1002 23 -1 -1
99 99 45 0 1000 1 -1 -1 1001 13 -1 -1 1002 15 1000 9 1000 1 -1 -1 -1 -1 1001 9 1000 14 1000 5 -1 -1 1001 14 1000 5 -1 -1 1001 5 -1 -1 -1 -1 -1 -1 -1 -1 -1 -1
100 100 37 0 1000 1 -1 -1 1001 15 1000 21 1000 14 1000 5 -1 -1 1001 5 -1 -1 -1 -1 -1 -1 1001 16 -1 -1 -1 -1 1002 9 1000 1 -1 -1 -1 -1
101 101 45 8 1000 0 1000 1 -1 -1 1001 2 1000 16 -1 -1 1001 2 1000 23 -1 -1 1001 23 -1 -1 -1 -1 -1 -1 1002 9 1000 1 -1 -1 -1 -1 -1 -1 1001 5 -1 -1 1002 5 -1 -1
102 102 49 0 1000 1 -1 -1 1001 4 1000 8 1000 1 -1 -1 1001 5 -1 -1 1002 25 1000 9 1000 1 -1 -1 -1 -1 -1 -1 -1 -1 1001 5 -1 -1 1002 6 -1 -1 -1 -1 1002 9 1000 1 -1 -1 -1 -1
103 103 25 14 1000 1 -1 -1 1001 14 1000 5 -1 -1 1001 14 1000 5 -1 -1 1001 10 -1 -1 -1 -1 -1 -1
104 104 25 14 1000 1 -1 -1 1001 14 1000 5 -1 -1 1001 14 1000 5 -1 -1 1001 10 -1 -1 -1 -1 -1 -1
105 105 25 14 1000 1 -1 -1 1001 14 1000 5 -1 -1 1001 14 1000 5 -1 -1 1001 10 -1 -1 -1 -1 -1 -1
