6 32772
3 26
7 308932
2 14
9 2.97899e+07
9 2.97899e+07
7 308932
3 26
7 308932
7 308932
0 0
5 1062
7 308932
0 0
6 32772
10 3.01307e+08
7 308932
4 412
4 412
4 412
3 26
5 1062
3 26
3 26
4 412
0 0
3 26
2 14
8 2.18418e+06
2 14
0 0
5 3604
6 32772
7 308932
7 308932
7 308932
5 3604
7 308932
6 32772
6 32772
10 3.01307e+08
11 3.09241e+09
4 412
4 412
4 412
4 412
0 0
9 2.97899e+07
4 412
0 0
8 2.999e+06
5 3604
9 2.97899e+07
9 2.97899e+07
0 0
5 3604
5 3604
5 3604
6 32772
6 32772
6 32772
6 32772
6 32772
6 32772
6 32772
7 308932
7 308932
4 412
4 412
3 52
3 52
3 52
9 2.97899e+07
9 2.97899e+07
4 412
4 412
4 412
4 412
7 308932
7 308932
7 308932
7 308932
6 32772
6 32772
6 32772
6 32772
6 32772
6 32772
6 32772
4 412
4 412
4 412
4 412
4 412
4 412
4 412
4 412
4 412
4 412
0 0
0 0
0 0
0 0
0 0
3 52
3 52
3 52
3 62
3 52
5 2870
4 412
0 0
6 32772
6 32772
6 32772
4 412
4 412
4 412
0 0
6 32772
7 308932
6 32772
5 3604
6 32772
9 2.97899e+07
7 308932
8 2.999e+06
6 32772
1000 0
5 3604
5 3604
5 3604
0 0
0 0
0 0
0 0
0 0
0 0
0 0
0 0
0 0
0 0
0 0
0 0
0 0
0 0
