-0.58897185 -0.6733602396613063
-0.32420096 -0.3351511096938296
0.615156 0.06460539390153801
-0.2004728 -0.42408233826522845
1.0302444 -0.32327747167068327
5.704983 5.703782474656201
-0.47547042 -0.8653861380208702
-0.59190935 -0.5893188380801957
0.47379518 -0.0660062644126059
-0.5924663 -0.8222950520100811
5.7032003 5.703782474656201
-0.88897467 -1.2518893502109711
5.704983 5.703782474656201
-0.3658361 -0.5526550700398306
-0.85698855 -0.6040563005695373
0.4076991 0.21704499285234022
-0.88897467 -0.21851303870453384
0.5672637 1.2611029510997083
-0.35060483 -0.3167909892402967
5.5072837 5.703782474656201
-0.62495774 -0.48957306773253917
-0.41880953 -1.0883431967434622
-0.44738352 1.1625456267193324
-0.80111855 0.1386413147064556
-0.51372814 -0.601138809367635
-0.25437367 -0.36160134446177694
-0.3911431 -0.6191869336027672
-0.4825855 -0.725067248396153
0.8956319 0.4084566290441183
-0.41880953 -0.2466706558730167
5.706224 5.703782474656201
4.1130915 1.7687122439119776
-0.5140896 -0.10426999937579988
5.702964 5.703782474656201
5.4534435 5.308195699759932
5.702964 5.703782474656201
-0.768022 -1.2517739577277893
-1.0045424 -1.1232933763248933
-0.38980517 -0.6090836441862685
-0.38406706 -0.4987916566105687
3.6987069 5.12040545894438
-0.17028812 -0.217483350517024
5.704983 5.703782474656201
5.7037883 5.703782474656201
0.47464025 0.45711150681371354
-1.0191187 -0.965924877095421
-0.048058156 -0.6204451963442005
-0.58693314 0.4920274398476207
-0.66674584 -0.6880601415113881
0.82297075 0.735874239292493
-0.74240255 -0.889359164200746
-0.72927654 -0.6122937247084732
0.54243314 0.7781774297445209
-0.3664772 -0.5986646158618161
-0.13768964 -0.0796147992394106
5.703785 5.703782474656201
0.6501353 4.5144281861432
1.0240217 -0.07023149540780144
5.706224 5.703782474656201
-0.7076497 -0.2589171127279371
0.45175698 0.12752740470681606
-0.37960073 -0.643462178781896
-0.42167184 -0.6016168627143543
-0.3659014 -0.5768763988945588
5.7075644 5.703782474656201
5.7010736 5.703782474656201
1.5366879 1.437599692934991
1.3661811 2.8087841908750133
-0.47239375 -0.27460396492855826
1.5740359 2.1842244405491997
-0.42167184 -0.12500782168364574
-0.2399917 -0.039810006752652366
-0.60697466 -0.6649815813849542
-0.36760485 -0.670386188445349
3.6708536 5.703782474656201
5.705128 5.703782474656201
-0.8115769 0.029023707647653427
-0.36810255 -0.6393050372493921
5.7030845 5.703782474656201
-0.4550543 -0.593265647150378
1.186136 0.3718435172397989
0.9652035 1.0752030854887746
-0.7572685 -0.7117654295091396
5.704983 5.703782474656201
-0.41443068 -0.6638757982603322
-0.3109661 -0.588779958054467
-0.3741687 -0.5770989821972784
5.7021837 5.703782474656201
-0.24473514 -0.14616977877764462
0.5707994 2.0506390795909537
0.39239684 -0.6476385853291798
5.7032003 5.703782474656201
0.47464025 -0.7426315856588538
-0.5255471 -0.9665687523530413
5.679043 5.703782474656201
5.704983 5.703782474656201
-0.17028812 -0.5418038662697158
-0.380919 -0.4525425647987423
-0.6754793 -1.1079113916162082
3.9201326 3.349696556969751
5.7018604 5.703782474656201
0.9263536 0.9030628276407654
-0.5758187 -0.574706583366766
-0.51926345 0.7178207685791069
5.70597 5.703782474656201
-0.29357848 -0.5096013734662979
-0.52893955 -0.6240689793803422
5.54157 5.703782474656201
0.8956319 0.10002540925310671
-0.38980517 -0.3404164046357356
-0.3014935 0.17043536169748194
0.8956319 1.1265685129689413
5.702652 5.703782474656201
0.26599073 4.4602483622922415
-0.5140896 -0.4232299730530561
-0.068218775 -0.5024590546524417
-0.47622162 -0.6170161133865669
-0.33358195 -0.6215747057790156
5.6984944 5.703782474656201
0.018500665 -0.36675846937619105
-0.20400144 -0.42233409274500666
5.703785 5.703782474656201
0.75969166 0.5489470791105769
-0.24298781 -0.2941657125604133
5.702964 5.703782474656201
-0.47884473 -0.01862538052316844
5.7032003 5.703782474656201
5.7034645 5.703782474656201
-0.16646945 -0.3713985200517358
4.2613845 3.6051501216826
5.7021837 5.703782474656201
-0.7069345 -0.7069682530773195
-0.069365256 -0.12735053354944148
-0.5758591 -1.047521914867549
1.686094 3.160229287851409
-0.37793252 -0.7254080099912821
0.55630976 1.0536560655451113
-0.078851074 -0.5524830365954098
3.901559 3.660031113434797
5.703317 5.703782474656201
0.9545645 1.027694708975238
-0.67482257 -1.070468078723642
-0.33165514 -0.6426632135894937
5.707057 5.703782474656201
0.7102118 1.2940126658234503
1.0873255 2.1699132165938857
-0.5460303 -0.7574595939284715
5.7037883 5.703782474656201
-1.1319808 -0.6578186475066508
0.055513985 1.7910545541671357
-0.6962171 0.17723112248963369
-0.3664772 -0.7742943312395216
5.7013874 5.703782474656201
-0.3812046 -0.4740967948301868
-0.36810255 0.13144747277107352
-0.6626613 -1.1016238187762457
0.9652035 0.625456496572999
-0.5547459 -0.6447323249051821
-0.4027351 0.388741376145553
5.703323 5.703782474656201
1.5524914 1.4917067504322556
-0.49912137 -0.24309501468592862
0.3508034 0.9927064391576185
5.23125 5.703782474656201
-0.49791205 -1.03472804402273
5.4534435 5.703782474656201
-0.40920955 -0.9217908297197525
4.275219 4.433504148966903
1.124365 0.8210785472681438
-0.36626333 -0.22638504929682235
5.703323 5.703782474656201
1.0816736 3.0102258819355137
-0.3625708 -0.2847091625973972
-0.09866969 -0.552321456375257
-0.49912137 -0.5076988505535962
-0.9117384 -0.8684319536909747
0.97159296 0.3574667303930894
-0.97597736 -0.6159028462217924
-0.48776963 -0.6799999849306074
5.702964 5.703782474656201
5.703785 5.703782474656201
5.704298 5.703782474656201
5.702316 5.703782474656201
4.1103597 5.336883490504549
-0.83275944 -0.9319349672790054
5.7018604 5.703782474656201
-0.5920467 -0.9155659945596981
-0.9527736 -0.617696538762093
-0.5255471 -0.2610271587918427
5.704983 5.703782474656201
5.702964 5.703782474656201
-0.48776317 -0.061752007076447124
5.705123 5.703782474656201
0.7859058 0.21708443186855916
-0.3741687 -0.49003002557633824
-0.29357848 -0.25752150955692893
5.7016044 5.703782474656201
0.83799064 0.6727806843195484
-0.47239375 -0.6561790024599577
-0.44738352 -0.5845062513469771
5.7030845 5.703782474656201
5.704983 5.703782474656201
-0.43220302 -0.4046669267396825
5.70597 5.703782474656201
5.702316 5.703782474656201
-0.37073705 -1.1540721458724768
-0.5183686 -1.0772021306127189
0.55930704 1.2494239716732314
-0.42155692 0.4694147058643988
-0.28836438 -0.864697357515103
-0.17962843 -0.25044023906709334
-0.029258266 -0.7853545789728591
5.704983 5.703782474656201
-0.49912137 -0.680288212608777
-0.1488333 -0.3736263825961538
5.70918 5.703782474656201
5.702964 5.703782474656201
-0.502744 0.27313147407482163
-0.109401986 -0.45899880506118645
-0.768022 -0.4247717884063898
-0.28836438 -0.5980733923302709
5.703785 5.703782474656201
0.83748573 0.7255354711667613
4.645835 3.180484956098805
-0.4194815 0.10564567499603736
5.7013874 5.703782474656201
-0.17028812 -0.2202988513126921
4.1695642 4.900036504830059
5.704547 5.703782474656201
-0.7069345 -0.7322830973085434
-0.6626613 -0.8821260481540801
0.64809906 1.2006350401835206
5.703785 5.703782474656201
0.96155316 0.019778117191888066
-0.29357848 -0.16396114546202215
0.74149036 0.880008832175266
-0.48257178 0.21981321188495215
-0.68262875 -0.7294854918277006
1.8847564 1.6126822438946986
-0.380919 -0.9976878980793166
-0.6962171 -1.0653013113471377
-1.0582565 -0.65772984493209
4.188652 3.1472374284927302
-0.49912137 -0.22897929619804475
-0.29357848 -0.6268352328732325
-0.55139494 -0.6491015874212703
5.6992946 5.703782474656201
-0.048058156 -0.8831219486076798
5.704983 5.703782474656201
5.702964 5.703782474656201
5.7075644 5.703782474656201
-0.6272526 -0.6058086904109925
0.615156 -0.32692059909705484
-0.9527736 -1.2556029975627945
-0.52893955 -0.01733234096741576
-0.7043785 -0.5948741216927455
-0.47622162 -0.10675593324469228
-0.41452906 -0.6247504867515951
-0.43127525 -0.6842885344867361
-0.53540856 -0.3809647091115934
-0.9527736 -1.1310972579636596
3.0763326 4.777167952034746
5.7032003 5.703782474656201
-0.2477729 2.2292090221659615
5.704464 5.703782474656201
-0.47884473 0.4750962647366964
-0.6869117 -0.5821229341481163
-0.8926164 -1.1543639277739204
-0.58536184 -0.5690816986389796
0.5965445 0.9633685737132589
5.4112267 5.476134769855134
-0.13390262 -0.8323310900283183
-0.7215331 -1.0450904792657443
5.464726 5.703782474656201
-0.62495774 -0.2200932083443025
-0.5832198 -0.5426964800791899
-0.41452906 -0.40912529843967776
-0.37033352 -0.9401941559557141
5.7032003 5.703782474656201
5.702964 5.703782474656201
-0.16359372 -0.03087063231448353
-0.6558837 -0.6617589847185736
5.7016044 5.703782474656201
5.7012415 5.703782474656201
0.4076991 0.6753909679282115
-1.1000425 -0.7122729169984401
-0.96401465 -1.0313228672287125
-0.3768872 0.6463296444797576
-0.41880953 -0.6909915056974483
5.705156 5.703782474656201
5.3684983 5.703782474656201
-0.15822428 -0.3815503589507342
-0.3583262 0.00018198344000915287
-0.5155124 -0.5895802724548957
-0.6626613 -0.9769116036976212
0.42246565 0.8978036948095227
-0.48776317 -1.1113814687463297
-0.16671287 -0.4460746252033464
-0.39612922 -0.3737411757252573
0.14966482 0.7070431823520512
5.704298 5.703782474656201
-0.3664772 -0.3707014281718732
0.3508034 0.781701866036154
5.703785 5.703782474656201
-0.3204783 -0.5147985052186956
-0.08476464 -0.4791315623606458
5.6992946 5.703782474656201
-0.7813839 -0.6333096919810233
0.55630976 -0.13379085485336425
-0.28836438 -0.15827032057314805
-0.3482771 -0.42553364075403827
5.705973 5.703782474656201
0.9229367 0.7099300569158259
-0.41129595 0.0669658852042573
0.64323205 1.1412320262794702
-0.46713215 -0.1159530860359876
-0.34978274 -0.24851648902324316
-0.6263942 -0.6201346653429946
-0.20400144 0.9415962297826763
5.709329 5.703782474656201
-0.87408006 -0.5943014400409642
-0.7927857 -1.135264862316422
0.9652035 1.372668955444353
5.703744 5.703782474656201
0.7741186 -0.004615635676587984
5.705158 5.703782474656201
-0.59461904 0.29711345679431
-0.12070153 -0.4543964572437246
-0.6962171 -0.8554708350074869
-0.36760485 -0.600013913967286
1.6450274 0.7038279376562103
-0.9619419 -1.2569552438144092
0.6727205 0.4325464102222265
-0.49221495 -1.1044684022787077
-0.63819027 -1.1146776482572232
5.7005343 5.703782474656201
-0.49468568 -0.12866553584441756
0.81408966 0.5436141562655685
-0.49111363 -0.547892524705584
0.6610136 0.6220678482122954
5.703785 5.703782474656201
0.83748573 1.391875010289893
-0.96401465 -0.21935075307551355
-0.54557693 -0.6402113358969941
-0.5703382 -0.5931136280101517
5.70918 5.703782474656201
-0.069365256 0.1252925463457319
-0.069365256 -0.41826467417965923
-0.50233775 -0.4068515688007517
-0.46436378 -0.5957337595733747
5.7034645 5.703782474656201
-0.19845583 -0.4412482564633374
-0.54557693 0.4649734993278231
-0.07472356 1.6961912227940685
-0.16671287 -0.24409654002243336
4.3872867 2.266412896388718
-0.5968278 -0.0782123837388142
-0.29639086 -0.3579085616751566
-0.45547855 -0.820746488555741
3.929245 1.6869108595610338
5.702316 5.703782474656201
-0.9529866 -1.160313239518877
-0.5291957 0.4088221336538777
-0.6050626 -0.2502295883611482
5.7030845 5.703782474656201
5.7018604 5.703782474656201
-0.51146644 -0.16489351129276386
-0.44514793 -0.6529653909271136
-0.54150194 -0.6955620941178894
-0.5924663 -1.0881650515903207
-0.5665132 -0.49477184469393115
-0.42251983 -0.631728521133653
-0.4767764 -0.6559804985619807
5.709858 5.703782474656201
5.7032003 5.703782474656201
-0.78991675 -0.735864720491797
-0.37033352 -0.42427796538833024
5.646784 5.431837372857736
5.705128 5.703782474656201
-0.36810255 -1.1521175012282034
-0.42251983 -0.42156857573968004
5.7032003 5.703782474656201
5.7032003 5.703782474656201
5.702316 5.703782474656201
5.704547 5.703782474656201
-0.29100743 -0.6119119534512115
5.705973 5.703782474656201
-0.37029132 -0.625010141860087
-0.57475847 -0.6735936038821395
-0.26278052 -0.352910609373275
-0.09866969 -0.5898489900334377
-0.29504293 -0.6088666957308996
5.7075644 5.703782474656201
-0.19177756 0.15463342043211786
4.1631346 5.2060505968693525
-0.5140896 -0.6576429804782247
-0.7835858 -0.659756892890769
0.018500665 -0.3100953846220543
5.704547 5.703782474656201
-0.5291957 -1.1795078599264233
5.703785 5.703782474656201
-0.44319177 -1.1638262378558597
-0.1870522 -0.1734811486078154
-0.068218775 -0.40534611518810276
-0.511513 0.48311603467539516
5.7037883 5.703782474656201
-0.4767764 -0.28682777080470456
-0.42167184 -0.6903291549265925
-0.9956928 -1.055759717165431
-1.1319808 -0.6486710704594281
-0.38834104 0.4709282016968704
4.53939 2.3679814648224737
0.84253377 2.71857060045855
5.704983 5.703782474656201
5.7018604 5.703782474656201
-0.90101695 -0.9591460421805842
5.703785 5.703782474656201
5.704983 5.703782474656201
-0.49290338 0.14062244160469714
5.7010736 5.703782474656201
5.704983 5.703782474656201
-0.9451398 -0.6595982910622603
-0.6962171 -1.0462115077702008
-1.1116055 -0.6657966399771514
-0.29357848 1.002192426727576
-1.0350873 -0.5897768439953962
-0.42376935 -0.575421035410685
1.8270751 0.717455329009547
-0.80360436 -0.23533759741491575
5.704983 5.703782474656201
5.7032003 5.703782474656201
-0.08476464 -0.4973649596979399
0.14004847 -0.535723007320505
5.7691627 5.703782474656201
-0.44319177 -0.274430266776033
5.706224 5.703782474656201
1.0873255 0.13709316696865417
3.6708536 5.703782474656201
-0.60406554 -0.6666162586959339
-0.72177386 -0.029381437971516544
4.3491945 3.8314769594344615
-0.5458577 -1.1408196173207366
-0.12581849 -0.4890152095021414
-0.47793272 -0.9063379257765256
-0.34978274 -0.6063825006642081
-0.29357848 0.24884248666023887
-0.60359544 -0.5523231936581293
0.46811986 0.36112024891387007
-0.47764647 -0.8907716316505074
-1.0121878 -1.0778777428017865
1.846275 1.0765735431219905
0.6727205 1.522757389797042
5.704983 5.703782474656201
5.699358 5.703782474656201
-0.5683888 -1.0888629681151685
-0.17028812 -0.20330783633013957
-0.4194815 -0.9855979384734977
5.7037883 5.703782474656201
-0.7916311 -0.3824939764161332
-0.5758591 -1.0615593079654024
-0.86909044 -1.1288065827918532
5.7021837 5.703782474656201
-0.42251983 -0.6514372603623956
5.7037883 5.703782474656201
-0.5882778 -0.9695306565597506
-0.49290338 -0.6539341597439422
-0.30895776 -0.4644303886431349
5.7010736 5.703782474656201
-0.34428313 -0.6653452605383814
4.1262527 5.703782474656201
5.705158 5.703782474656201
-0.511513 0.5278272731599748
-0.47325522 -0.6763805297290285
5.7049575 5.703782474656201
-0.3097859 -0.574692370594458
5.1113257 5.703782474656201
-0.81563824 -0.6428705027519603
-0.27849373 -0.4796693925920776
1.0873255 2.215121250020756
-0.47622162 -0.566442285540211
5.3037133 5.353459457307494
-1.0582565 -1.0337969308533477
-0.37793252 -0.6264310321746
0.5358587 0.551505272155516
4.5848227 3.6027581445331265
0.46811986 1.1914305784129118
-0.49468568 -0.8215352513415747
-0.48257178 0.12447702527615409
-0.6086511 -0.6687199690389806
0.5663736 0.31057184138350247
-1.0142236 -1.0545733939241644
-0.50233775 -0.8338792933983123
-0.83433175 -0.5412161050900591
5.704983 5.703782474656201
-0.9170123 -1.1744884385116716
5.7054324 5.703782474656201
-0.3266892 -1.1270117631898076
0.8241625 1.207049267157497
-0.28836438 -0.43546462745122533
5.4144073 3.196582362015165
-0.39612922 -0.6388919769594549
-0.37398905 -0.6606238448543956
-0.030911395 -0.37035234025104324
-0.8317881 -0.6448733401388722
-1.0910157 -0.9013750261513701
4.3872867 5.703782474656201
5.7018604 5.703782474656201
0.8865382 1.4929497131152087
5.704983 5.703782474656201
-0.2399917 -0.6056034452981294
0.5672637 1.1602039721414146
0.97181255 0.1974654733122647
-0.7844598 -1.2478515492845428
-0.3266892 -0.6328388440505528
-0.38747138 -0.6091994918742714
-0.45868388 -0.9754146053768942
0.8500636 0.07340007879919022
-0.44319177 0.42890360128609895
0.615156 0.7346609357586011
1.350481 0.8907337157947105
5.704983 5.703782474656201
-0.33963075 -0.4348032946871338
-0.3664772 0.7446332313687831
-0.3911431 -0.6256006879080699
5.4374137 5.582838080919068
-0.768022 -0.6708320260309756
-0.9053575 -0.8821864507494772
5.70597 5.703782474656201
0.84104 0.43998891059009543
-0.38980517 -0.8627689224717896
5.702964 5.703782474656201
0.8500636 1.1901301351427211
-0.95004946 -1.081454331902735
-0.029258266 -0.7061574482483416
-0.9527736 -0.7073333298387626
-0.8295665 -0.6050868539104195
0.64323205 0.9303924338497992
-0.5882778 -1.080378538475089
-0.8115769 -0.7590135161864615
-0.3097859 -0.5626822346812449
5.6984944 5.703782474656201
5.704983 5.703782474656201
1.1914434 0.3266246219211317
-0.85698855 -1.0900074169947873
-0.868034 -0.6454318795633043
-0.46248576 -0.624972777260052
5.704547 5.703782474656201
-0.7844598 -0.6134786967455774
-0.32746336 -0.6856791359524508
-0.26278052 0.06393959181520681
4.1262527 5.703782474656201
5.702652 5.703782474656201
-0.32871452 -0.3675625710596969
-0.39796755 -0.19318798313448704
0.7350525 0.7245639644220175
5.702652 5.703782474656201
-0.3129889 -0.616099106174283
-0.38406706 -0.4419760958855764
4.054713 5.703782474656201
5.702964 5.703782474656201
-0.36626333 -0.19406544711373022
-0.51677674 -0.8945023324311734
-0.6214883 -0.8630580692774283
-0.54544127 -0.6248083896037003
1.1347237 0.549894979311441
-0.25904495 0.1782959649609321
-0.40972292 -0.6340069540309178
5.705128 5.703782474656201
-0.6486823 -0.2963528888994121
-0.4194815 -0.5950681104003103
-0.45547855 -0.7720605262029233
-0.7487583 -0.9163232324022915
0.8508602 0.2504325951358785
5.704983 5.703782474656201
4.1130915 4.723228454875445
-0.36626333 -0.6171588345606074
0.9306476 1.300618546415228
1.6394733 0.8761872291768211
3.9748926 5.703782474656201
-0.60697466 -1.0460691756293703
5.704222 5.703782474656201
5.7032003 5.703782474656201
5.704983 5.703782474656201
1.6394733 0.43542253638940903
5.7054324 5.703782474656201
5.702316 5.703782474656201
5.704983 5.703782474656201
0.018500665 -0.19708723484445356
5.7013874 5.703782474656201
-0.069365256 -0.3273075608488424
4.7212667 3.89176592928573
-0.3865265 -0.3486954364853479
-0.6759601 -0.7265674687511328
5.704983 5.703782474656201
0.8956319 1.204146989154878
5.7032003 5.703782474656201
-0.6736447 -0.6830760649223451
-0.35060483 -0.30594244962729655
-0.7275092 -0.21158807375500366
-1.0051854 -1.2142554904029834
5.702316 5.703782474656201
-0.80111855 -0.8617883421455144
0.55930704 0.5302711284779612
4.0505433 3.4276351697345384
0.6501353 0.06644202083198543
-0.43135253 -0.43694339137528626
0.70324546 1.0274270156242444
-0.8811169 -0.04177870201896507
5.7043433 5.703782474656201
-0.38747138 0.3883230184409067
0.47464025 0.10847675513604492
-0.5458577 -0.6441208538029021
2.1605864 0.7136329078235412
0.81408966 0.5949503884963588
0.97159296 0.4650758828219347
-0.3404949 -0.08598390501978408
5.702964 5.703782474656201
0.9545645 0.10577882815295338
-0.45868388 -1.0887084935511775
-0.4361175 -0.5070643728137737
0.9545645 1.300125719837842
1.0505872 1.4573267513737775
-1.014632 -0.7723029483476417
1.1914434 0.816992249353379
-0.29639086 -0.34264525052706746
-0.068218775 -0.2510531766957877
-0.5758591 -1.2115514498494864
5.705081 5.703782474656201
-0.43641192 -0.8263563393930673
-0.54721445 -0.3479205188435445
5.702652 5.703782474656201
-0.36626333 -0.6128841894582772
-0.65549475 -0.7947392501827849
0.86893183 0.7403131693274432
-1.1418208 -1.2435733229295103
-0.5758591 -0.6066777837483756
-0.45547855 -0.645105868138578
-0.8348658 -1.143439167040625
-0.39052942 0.28437034473010564
-0.62710017 -0.9741078920516013
-0.31610355 1.069329708273798
0.47379518 -0.13642242477650068
-0.44007385 -0.6496548346038189
3.1906009 1.3982338014913085
0.8549207 0.26182411861498184
0.7033674 0.6301301680075843
1.0599998 2.774085663763543
-0.8161208 0.027514967460634754
5.704983 5.703782474656201
-0.63819027 -0.7404442599354416
5.7032003 5.703782474656201
-0.52812093 -0.8004673929474596
-0.44007385 -0.6564488767772716
-0.26278052 0.6134538701734006
-0.05672834 -0.41058820880693503
-0.28836438 -0.3777016057739139
-0.45868388 -0.6228974991895095
-0.7043618 0.08211440637692304
-0.5912542 -0.6174814223851584
-0.2399917 -0.6542188178291923
-0.4463276 -1.0423245871214468
5.705128 5.703782474656201
-0.53540856 -0.46604826203440414
5.7032003 5.703782474656201
-0.47622162 -1.0463310824262102
-0.90101695 -0.6933011924191629
-0.068218775 -0.358286241381508
5.70597 5.703782474656201
0.8508602 1.2796666540251362
-0.5968278 -0.5484357679154285
5.700159 5.703782474656201
-0.9956928 -1.0437406541828098
-1.0910157 -0.8289279582982048
0.26599073 2.45405080007728
-0.50442046 -1.0291039500571664
5.702316 5.703782474656201
5.703785 5.703782474656201
-0.05672834 -0.18452758829312568
1.0302444 0.10535321563118112
-0.6443437 -0.8686750666825095
-0.38577387 -0.2873567920278613
-0.37793252 -0.2212628209967312
-0.41452906 -0.6191126396736616
-0.38161346 -0.5785353902129735
-0.9053575 -0.8531938744344819
5.7032003 5.703782474656201
-0.05672834 -0.32670013947251003
-0.3908464 -0.5972099246816525
-0.3583262 0.6025920774378596
5.7016044 5.703782474656201
-0.57171017 -0.3303279514608249
-0.29110768 -0.348189617788601
-0.6962171 -1.1173823492448378
-0.29150113 -0.3647820032326295
5.7016044 5.703782474656201
-0.60359544 -0.14740316227822925
5.7013874 5.703782474656201
-0.5255471 -0.32681244301940976
-0.33805326 -0.532170139160908
0.6138254 1.313331118129044
1.0873255 1.093537768374526
5.0067444 5.703782474656201
-0.68958324 -1.1058393410125726
-0.3664772 0.11063219590210951
5.705158 5.703782474656201
-0.3471039 -0.8227707899534634
-0.49290338 0.8782311683256722
0.42246565 0.840349202858885
-0.29110768 -0.15922201734908506
-0.17028812 0.119962880290015
5.7032003 5.703782474656201
-0.88046753 -1.176691674919083
4.275219 4.891005506743195
3.9848123 2.4239451014265243
-0.51677674 -0.04700670547775478
4.1310244 3.961594844962153
5.0891037 5.175853327068136
0.90459335 0.8934920047500023
5.704983 5.703782474656201
5.7010736 5.703782474656201
5.7173815 4.985592497865416
-0.90101695 -1.228528509621872
0.8956319 0.08577027380626123
-0.7057402 -1.0770846794208948
5.7037883 5.703782474656201
0.7741186 -0.14944012526394368
-0.3404949 0.47486865081370205
-0.7043618 -0.830514492352858
5.706773 5.703782474656201
5.6992946 5.703782474656201
-0.96401465 -1.2243932224155558
-0.69628066 -0.06009719842860581
5.7021837 5.703782474656201
0.24931833 0.3672265791207266
-0.68958324 -0.24195946557185025
-0.36192125 -0.5291084066110922
-0.3266892 -0.23068945013226477
-0.47325522 -0.7866537877795445
1.686094 0.9422785053814162
5.7030845 5.703782474656201
0.5663736 0.6255982660651372
0.86035347 1.2497796657267877
-0.5882778 -0.33951445949208825
5.704983 5.703782474656201
0.87908524 0.7772226687091275
-0.63819027 -0.7752144362484795
5.705156 5.703782474656201
-0.36760485 -1.0945445730523062
-0.37398905 -0.6787138441023962
1.0240217 -0.15963133790028694
0.82297075 -0.6709219998212799
4.920806 4.376511692799217
0.7741186 0.30236278156172164
-0.4194815 -0.282616258713877
3.476395 3.7675402766546395
-0.3404949 -0.5070892792692794
-0.6214916 -0.6636951801380171
-0.29110768 -0.40117482455033737
-0.069365256 -0.8935952341419727
-0.5140896 -0.6385074916016217
5.7010736 5.703782474656201
-0.5055445 -0.6341219547427291
-0.109401986 -0.25188387609982954
-0.4825855 -0.6649174164382426
-0.34978274 -0.21837742734905222
-0.41186205 0.40720159953384627
-0.8348658 -0.6044515560451286
-0.8614015 -0.6926932835867637
-0.43135253 -0.5798006382695219
-0.8348658 -0.6279532492505517
5.7010736 5.703782474656201
-0.47239375 -0.33202275028366196
2.5428643 2.5696730294892958
-0.28234312 -0.7536873059463041
-0.8911997 -1.1502045751177534
0.7608961 1.0765990998802295
-0.86095864 -1.237198722224563
-0.41443068 -0.616206510001666
5.7021837 5.703782474656201
0.96155316 0.38952541008417013
5.7075644 5.703782474656201
-0.4550543 0.5123480642651049
0.6047782 0.615440201281124
5.702964 5.703782474656201
-0.33165514 -1.1346675371951407
-0.9527736 -1.128874608320005
5.704983 5.703782474656201
-0.68110436 -0.669893651734567
5.705158 5.703782474656201
-0.58693314 -0.10167287891130246
5.704983 5.703782474656201
-0.6261628 -1.0663929511215493
-0.13390262 0.2406997356772232
-0.3511267 0.1442310713592958
5.703785 5.703782474656201
5.7075644 5.703782474656201
-0.21148692 0.20348518561182596
-0.5758591 -0.05736855356481289
-0.27849373 0.2951486282185093
-0.90101695 -0.20588336898016552
0.47464025 -0.5360015614724639
0.45175698 -0.4082735480864597
0.90459335 -0.049977318558436644
-0.16671287 -0.2512948570438526
-0.6263942 0.5272271798531278
-0.58693314 0.4671069378833155
-0.41880953 0.4296737011409421
3.2039232 5.073028628465105
-0.40920955 0.11173813533849163
-0.3583262 -0.2016475057193231
-0.7487583 -0.9167808519633859
-0.54721445 -0.3960144069996478
1.9016494 1.9092426080680314
-0.29357848 0.8370176279796442
1.0505872 0.2799245606126894
-0.5832198 -0.7262449174502741
3.6708536 3.8545619716857664
-0.4550543 -0.9238769344820311
-0.59461904 -0.4462261669850335
-0.40920955 -0.7733317316261135
5.704983 5.703782474656201
3.6266377 3.1193416806736125
-0.09866969 -0.861918557106924
5.7075644 5.703782474656201
0.8508602 1.3503033867407825
2.9335434 3.64457086765655
5.7032003 5.703782474656201
-0.51372814 -0.6003911689587704
5.7005343 5.703782474656201
5.702652 5.703782474656201
5.702316 5.703782474656201
-0.83501196 -1.273376474464815
-0.6404695 -1.0054608007999242
5.706224 5.703782474656201
-0.5408761 -0.6129247967214455
-0.5665132 -0.4139015954009322
0.7859058 1.9719522339734443
3.261818 2.240154854532561
-0.47642115 -0.5351268546228525
0.7033674 0.6068477319073688
5.7013874 5.703782474656201
-0.7043618 -0.3406342859447007
5.7012415 5.703782474656201
3.849439 5.703782474656201
-0.54150194 -0.7248380740936413
5.7032003 5.703782474656201
4.125147 3.7055242084166613
5.7037883 5.703782474656201
5.705973 5.703782474656201
5.705123 5.703782474656201
-0.6233398 -0.8239577066726167
-0.7844598 -1.057842775524978
0.6727205 0.3951494171858007
-0.38980517 -0.25922419963529664
-0.4767764 -0.612911876049755
-0.6050626 -0.658550603803495
-0.3768872 -0.479963464144067
-1.014632 -1.0329312954004275
-0.5140896 -0.7584454569050928
-0.20796902 -0.2603600741992108
-0.40972292 -0.6430131578682428
-0.31244272 -0.23018704860467132
-0.29110768 -0.28037417364348155
-0.47764647 -0.882213029047332
5.702964 5.703782474656201
-0.47764647 -0.9229050583826712
-0.52893955 -0.7173824977258094
-0.5682949 -0.628598034478819
5.7691627 5.703782474656201
-0.89603686 -0.6181770087785988
-0.19177756 -0.7317861429630131
0.75969166 0.7236603815869763
0.6028594 1.0704219829412476
0.7512772 0.9622716203879532
0.5663736 0.2712256553444056
5.703317 5.703782474656201
5.703785 5.703782474656201
-0.8329283 -0.735916904006619
-0.29357848 -0.6139663826855041
5.7075644 5.703782474656201
-0.49083936 -0.6583419706397242
5.3684983 5.703782474656201
0.83748573 0.9347182965578603
-0.5682949 -0.5995967299894799
-0.13390262 -0.2524101712451631
5.702652 5.703782474656201
-0.4213924 0.6069131377314538
5.703785 5.703782474656201
-1.014632 -1.1575855247728142
5.7032003 5.703782474656201
3.7495916 3.3005710125980356
-0.1488333 -0.4074570907889575
0.9252285 0.6248956413611548
-0.7409668 -1.1701673683803346
-1.1319808 -0.686614564634648
-0.23858276 -0.4151276403793177
-0.44079176 -0.10132201472479331
-0.41359732 -0.7484273593881217
5.704547 5.703782474656201
-0.7487583 -1.0302436119501863
-0.3625708 0.021143884271506066
-0.7043785 -1.0021073683051462
-0.6404695 -0.8411786211791823
-0.72177386 -1.1399312816716531
-0.49083936 -0.39378953367066555
5.703785 5.703782474656201
5.6992946 5.703782474656201
-0.3658361 -0.7825709195017481
-0.9458078 -0.8837896604132458
-0.6404695 -1.0158431472490048
5.704983 5.703782474656201
3.1906009 5.203351609923239
5.7012415 5.703782474656201
5.702964 5.703782474656201
-0.5155124 0.4639704662630496
-0.3664772 -0.2837445015358189
-0.6298226 -0.5960767327549639
-0.56098807 -0.5560304728656167
-0.4194815 -0.3253784014025996
4.1310244 2.3991010909618966
0.14004847 -0.3967338368379628
5.7013874 5.703782474656201
-0.48776317 -1.0718720178639296
0.97181255 1.398986721251534
-0.7379906 -0.712048693981212
-0.17962843 -0.7671662335901666
-0.37581292 -0.5679640378059366
0.055513985 -0.4772860820524538
-0.6886641 -0.7659114405147838
-0.51926345 -0.9769939505292404
5.7037883 5.703782474656201
-1.014632 -1.1885359021047914
-0.1488333 -0.020914184847438778
5.705973 5.703782474656201
-0.62710017 -0.6160694795621767
-0.4825855 -0.30350933200354663
-0.50233775 -1.0481777629168125
-0.5547459 0.3872230624707366
-0.6062972 0.00814870890653981
-0.31244272 0.06886633014760059
-0.95035607 -1.0408652147891506
-0.7844598 -0.6871710731148956
-0.29639086 -0.29692869096856644
0.42246565 0.6687822517753708
-0.47622162 -0.4532865416486646
-0.768022 -0.5924497200645481
-0.3014935 -0.6553813714202642
-0.98910403 -0.9822008599012014
1.7248327 2.61285906087906
-0.25437367 -0.3925730687214584
-0.51704407 -0.6647191144469907
0.3508034 -0.14572312497088458
5.7037883 5.703782474656201
-0.5083772 -0.2983319145725854
-0.70315343 -0.10941092974330217
5.7049575 5.703782474656201
5.700159 5.703782474656201
5.704983 5.703782474656201
0.64809906 2.6636304228683567
-0.4825855 -0.27115539345483
0.97181255 0.5929969566163092
-0.8911997 -0.6622378344028521
-0.523152 -0.48625171740791706
-0.9527736 -0.7277013589432194
-0.54747325 -0.4949949264379121
-0.8911997 -1.1013229592182256
0.83748573 0.22340911604877395
-0.88897467 -1.1932867705711676
5.7032003 5.703782474656201
0.55930704 0.9164323218498214
5.705081 5.703782474656201
5.705123 5.703782474656201
-0.6381673 -0.6885776368455755
-1.0191187 -0.9712407037652495
5.0101886 5.285084390656308
-0.51926345 -0.13015766148938449
-0.48257178 -0.24788203995687122
-0.87408006 -1.2442359272662316
4.086436 5.703782474656201
-0.4485825 0.4801711394840507
-0.54002845 -0.9162457328866247
-0.9662057 -1.1913626476112609
-0.72826076 -0.7732450564218849
0.90538806 0.4865263737983973
-0.1366445 -0.6081481603360083
-0.5912542 -0.4424491644442105
-1.1417775 -1.16229677459759
-0.52812093 -0.5652043750381803
-0.5758591 -0.02058441281085436
-0.4361175 -0.7061371865482221
-0.50233775 -0.5853462451502607
0.57163167 1.0747628038789143
0.3508034 1.1436111479310638
-0.6050626 -1.0949569774654992
4.645835 5.703782474656201
-0.4213924 -0.5316424652035014
-0.5665132 -0.616206510001666
-0.86095864 -1.2074622185902044
-0.49468568 -0.6896493052648047
-0.60041255 -0.9232347861085867
5.704983 5.703782474656201
0.74149036 1.0191090188051652
-0.45868388 -0.4514943870311594
0.46811986 2.7590235042980398
-0.8285757 -1.1173915198128173
-1.0879041 -0.7100451504608338
-1.014632 -1.0424408617395378
-0.41359732 -0.5996113011687804
1.2932494 1.4029454589323727
-1.1888193 -1.2344938693938885
1.6166728 1.8808945617588237
-0.29639086 -0.4390570525446999
-0.3583262 -0.9438931989877727
-0.32746336 -1.0783333042597614
-0.12581849 -0.09225455299056276
-0.3097859 -0.716438325664807
-0.50163496 0.019570247356876437
4.2150745 4.26541886905453
-0.50233775 -0.8374841725326312
-0.6631358 -0.6561790024599577
-0.7587608 -0.9542859961966632
5.705973 5.703782474656201
5.7032003 5.703782474656201
5.704983 5.703782474656201
-0.422008 -0.6266237556478863
5.704983 5.703782474656201
5.700159 5.703782474656201
5.704547 5.703782474656201
0.3508034 1.0179064445014967
-0.8911997 -1.085031920715755
5.703785 5.703782474656201
-0.35671148 -0.6244572882998981
5.7032003 5.703782474656201
2.8814075 5.182358042543177
0.6192762 -0.24599389317787587
-0.87408006 -1.2328765211827721
-0.3812046 -0.6547460339288067
-0.12581849 -0.3345444959078908
-0.37581292 -0.6613907947749138
-0.9529866 -1.07798940963509
5.704983 5.703782474656201
0.055513985 -0.666881172259694
4.0505433 3.316253865174524
0.76471555 0.7140002363550416
0.5270786 1.05553462704255
5.705081 5.703782474656201
-0.5882778 -0.7931045418043702
-0.97126 -1.1543893041371083
-0.6263942 -0.6065989107879114
-0.7572685 -0.6707655288668596
-0.47622162 -0.7622464862822476
-0.58887446 -0.5889223095024128
5.704547 5.703782474656201
5.6992946 5.703782474656201
-0.18075259 -0.2806918941077492
5.7013874 5.703782474656201
0.86284834 0.8946531180194551
-0.29110768 -0.515928621941894
0.8912266 1.5117635601751263
-0.5758591 -1.1492415930195268
5.705128 5.703782474656201
-0.24298781 -0.3871091149180056
-0.33165514 -0.45927419603105285
-0.63819027 -0.6308279953274422
-0.47622162 -0.567597053670353
-0.47239375 -0.12129456887879309
5.702964 5.703782474656201
5.706773 5.703782474656201
-0.27849373 -0.2537986542738438
5.703785 5.703782474656201
5.699358 5.703782474656201
0.42246565 0.05997970802187821
-0.2399917 -0.2262759521632726
-0.8295665 -0.6858042063046867
3.5903537 3.2963716859256187
-0.48534587 -0.5682217129072996
-1.0191187 -1.2328662279809173
-0.73371243 -0.6945101089249965
-0.5255471 -0.974139678194435
5.7037883 5.703782474656201
-0.15822428 -0.5031170777632061
-0.44738352 -0.6936413026181448
5.7043433 5.703782474656201
-0.9529866 -1.2176053060572325
1.8472171 1.391255782886827
5.726008 5.703782474656201
2.7237039 5.02823018548238
0.7350525 0.33801818388585503
-0.80360436 -0.5055429351020568
-0.63819027 -0.24221169840702345
-1.1319808 -0.6479252798390324
0.018500665 0.2507236982787348
-0.37793252 -0.5771969345479905
5.6992946 5.703782474656201
4.3989286 5.703782474656201
-0.32871452 -0.48490449781459166
5.7013874 5.703782474656201
-0.47764647 -0.5061217045615081
5.704983 5.703782474656201
-0.72177386 -0.4347615897587637
-0.70674205 -0.6123509107318558
-0.24298781 -0.25758231622860395
-0.4194815 -1.0146039161863698
-0.029258266 1.9273160597542394
-0.5920467 -1.1516112474007119
4.4558024 1.8167325302939543
-0.4485825 -0.6549096428729989
-0.3471039 -0.8490901322139164
-0.23858276 -0.44445752732249016
-0.39368644 -0.4304337462900947
-0.44007385 -0.8099214751667001
-0.6214916 -0.7034541149886111
-0.6058153 -0.599341768714895
0.44897798 -0.016098894589749297
3.8062356 3.434587379182985
-0.58693314 -0.30916042298822605
-0.33963075 -0.5886682533870778
5.704547 5.703782474656201
5.646784 5.703782474656201
-0.96401465 -0.23628071723634528
5.704983 5.703782474656201
-0.47239375 -0.6733445532637656
-0.42376935 -0.6567246093261606
0.7033674 -0.3023585807745451
-0.42254514 -0.28293734648770263
5.7079225 5.703782474656201
-0.57084304 -0.52602555971586
-0.6869117 -0.8948424006682856
0.4076991 0.04404176549003787
0.90459335 0.23395925020268676
-0.61613667 -1.2099103969926894
-0.36626333 0.455756367292752
5.4144073 5.298611048419294
-0.5758187 -0.47769553625894884
5.7012415 5.703782474656201
3.476395 3.223575842461135
-0.3014935 -1.0276301969921806
-1.0006752 -1.223026512132339
-0.34978274 -0.6243583298838242
5.703317 5.703782474656201
-0.34978274 -0.8265185859831027
0.7256826 0.6273951233852834
0.55963904 2.1960127322373597
5.702316 5.703782474656201
-0.6722826 -0.9097918951343255
1.7324039 0.6187323151654637
5.704547 5.703782474656201
-0.29357848 -0.9399202222792322
-0.42251983 0.48663087721975
0.75905544 1.1896223270114732
5.7037883 5.703782474656201
-0.3855685 -0.1673210293806462
0.34459984 -0.48963343947564464
-0.9349231 -1.0040323754435283
-0.3404949 -0.06411727654020262
-1.0142236 -1.1944945320696168
-0.54207075 -0.22878820242448006
0.33310902 0.5353090437454063
-0.5682949 -1.1475704169427223
4.1310244 2.2899103061788906
-0.37033352 0.5535103303604341
-0.6524633 -0.3214939729738333
0.8079402 -0.4774295331475621
5.705128 5.703782474656201
0.8912266 1.3387597833718194
-0.47764647 -1.1294994227518926
-0.59190935 -0.4673623205746992
-0.09866969 -0.3132624790146238
-0.12581849 -0.46159746029416404
5.704983 5.703782474656201
-0.33358195 -0.8847290823021001
5.7036924 5.703782474656201
4.6260395 2.501067031237394
1.4410379 -0.15708548214974316
1.1914434 -0.13737878435341636
-0.63906956 -0.6057317185569958
-0.12070153 -0.4284640682379029
-0.44007385 -0.12059486013221342
5.7034645 5.703782474656201
1.6088451 2.1122322515992074
-0.6799476 -0.6626528936905256
5.706224 5.703782474656201
4.1310244 2.439289670737254
-0.5683888 -1.131463013345581
-0.44079176 -0.607747768755045
-0.768022 -1.1319002355342846
4.3937645 3.363269943867667
-0.64133424 -0.4655527491245987
-0.44738352 -1.0641268075124362
5.702652 5.703782474656201
5.7010736 5.703782474656201
-0.5683888 -1.0812538223719632
-0.80360436 -0.5732792087830735
-0.32871452 -0.37336197261386295
-0.5107439 -0.06542531422235527
0.86893183 1.530670424655273
-0.49221495 0.1310747525537906
-0.29639086 -0.1275652256460188
0.3508034 -0.3719727901571824
-0.7076497 0.4094272484531838
5.411116 5.703782474656201
5.7005343 5.703782474656201
-0.59044755 -0.5053887636448561
5.704547 5.703782474656201
3.92413 1.8577909378646984
5.7013874 5.703782474656201
-0.21055484 -0.5775193545892781
-0.5682949 -0.9930529927683849
0.7102118 0.8478499936478636
5.7394094 5.703782474656201
0.5707994 0.1372431206315098
0.45175698 0.4682095207952248
0.9263536 0.8108942155683131
-0.66487896 -1.0110987877637954
-0.20010182 -0.31216740652582836
-0.6404695 -0.9364679293129725
-0.36301443 -0.5804722803524243
-0.36810255 -0.6078763173860872
-0.54557693 -0.5427790742236562
5.709858 5.703782474656201
-0.3014935 -0.9109525055915522
5.704298 5.703782474656201
1.5740359 2.193377074067897
-0.7657657 -0.6824901687715097
-0.34978274 0.16391061066016055
-0.5758591 -0.5968938093368887
0.6047782 1.1656003073355925
0.5250421 -0.2917918393197259
-0.7927857 -0.6221259675491914
3.901559 1.8300661429796967
3.476395 5.703782474656201
3.7495916 5.703782474656201
-0.5999514 0.17790180406035574
-0.6212642 -0.6730367575004871
-0.41856074 -0.2700373272649786
-0.16671287 -0.7847012234869738
-0.47239375 -0.6579344888042027
-0.5683888 -0.8573663782241782
-0.7319582 -0.633330414382788
-0.51677674 -0.140471994402445
5.704547 5.703782474656201
5.7021837 5.703782474656201
1.0505872 1.1281358152065677
5.7037883 5.703782474656201
-0.40972292 -0.27219593736079334
0.9042337 -0.2704880734278372
-0.6962171 0.0594191896926203
-0.72826076 -0.6446865945049377
0.7608961 -0.17909078137382847
5.703744 5.703782474656201
1.5740359 0.49417781479310047
-0.7844598 -1.1032138596753478
5.7010736 5.703782474656201
5.704983 5.703782474656201
-0.29150113 0.2000165724794435
5.4299316 5.703782474656201
-0.42254514 0.3211403008742286
5.702316 5.703782474656201
-0.9137224 -1.2093405180932904
0.4076991 3.7983972039865153
0.39239684 -0.4270759492380563
-0.29110768 -0.5812588177338333
-1.0242654 -0.9241213109893436
5.703785 5.703782474656201
-0.52803195 -0.9692090300760463
3.7495916 5.703782474656201
5.7037883 5.703782474656201
-0.9458078 -1.0314378695639477
4.054713 3.625355324973459
-0.6962171 -0.8508120278470608
5.7010736 5.703782474656201
-0.58693314 -0.7065708765679899
4.00393 2.0970557467140933
-0.51372814 -1.0357191829843877
-0.42196906 0.44451401163122145
-0.34786183 -0.36871716126152015
-0.3862326 -0.06608424849214217
-0.32746336 -0.7740796172583225
0.8044141 0.6002503363173195
-0.47239375 -0.2740855916092289
-0.9137224 -1.20869058222645
0.7512772 -0.18097166830352227
1.7248327 1.166952013567927
0.64473283 1.4020259679477471
-0.54002845 -0.47463835300427826
5.7037883 5.703782474656201
-0.422008 -0.8546078466865707
-0.3852698 -0.4694885619156897
5.7030845 5.703782474656201
-0.9662057 -1.128191471117329
-0.2477729 0.10336222039511035
-0.938131 -0.8922666353738052
-0.41118523 -0.6003674724274857
-0.43220302 -0.6585274201912167
1.6166728 2.3146693829597673
-0.655733 -1.0915552482568567
-0.54747325 -0.3702683455803109
-0.40397376 -0.3255514856888478
-0.44007385 -1.1883718019639535
5.704983 5.703782474656201
5.703785 5.703782474656201
-0.48379263 0.47721258219140517
4.00393 5.703782474656201
-0.6062972 -1.0000555664086683
5.699358 5.703782474656201
-0.33165514 -0.6603760675894019
5.617186 5.240401220996028
0.82297075 0.6698647357155029
-0.28836438 -0.4211235643555896
5.705123 5.703782474656201
-0.58536184 -0.6447247030265795
-0.38161346 -0.630542402899713
-0.24298781 -0.24606039776096147
1.4055712 2.039161717866811
-0.12070153 -0.4768896837927047
0.055513985 0.9964363265623334
5.7075644 5.703782474656201
-0.18075259 -0.4487197466089467
-0.25437367 -0.37536567533461646
-0.5758591 -0.5686171791742383
0.7350525 0.9533340762796289
5.7054324 5.703782474656201
-0.43641192 0.07532359013355962
-0.89251685 -1.2593481029787408
4.275219 5.703782474656201
0.7256826 0.8316400571420817
-0.5882778 -0.9596419638873224
0.75969166 -0.033592978599595154
1.6166728 0.8681830947301521
-0.41856074 -0.5943684775883571
2.7237039 5.058969366970277
-0.86909044 -0.6905744927610115
-0.9527736 -0.6542380544063902
-0.3097859 -0.6091001930343312
5.702964 5.703782474656201
-0.39134452 -0.8388113066037834
-0.46713215 -0.814196795682412
5.7005343 5.703782474656201
-0.95004946 -1.1014523177355362
5.7032003 5.703782474656201
-0.41443068 0.4198498169807207
-0.48257178 -0.22708505885958682
0.3597069 0.4807933354476034
3.8997743 5.703782474656201
-0.6150833 -0.6523431062002554
-0.3761799 -0.4753780455831904
-0.9529866 -1.034525432015587
-0.21055484 -0.987942492218102
-0.96401465 -1.212613359975924
-0.3109661 1.8219863330564
0.43133 1.1742962801554373
5.7037883 5.703782474656201
5.0101886 5.329404529377511
-0.4000851 -0.9385670161385833
-0.46874058 -1.1946332209971793
-0.511513 0.01777704778268052
5.702316 5.703782474656201
5.7013874 5.703782474656201
5.7037883 5.703782474656201
-0.3109661 -0.40825700181895885
0.5707994 1.5569670829188444
2.0667396 1.1520105493920598
4.3491945 4.073619303432352
0.82297075 0.7901663537482781
-0.41452906 -0.2946234414412308
3.901559 3.4122704153818733
3.0219183 1.1635379223679436
5.704547 5.703782474656201
-0.12070153 -0.39940351672956914
-0.51146644 -0.8077211208752386
-0.47622162 -0.40760439475094895
-0.3583262 -0.5414601043420888
-0.37581292 -0.6046712099446854
-0.8911997 -0.6938554313103065
0.3508034 0.6465413040962599
-0.24473514 -0.9052098522133797
-0.48257178 -0.9722528027942255
3.6793473 3.365605851052035
-0.5683888 -0.5208978453808691
5.7016044 5.703782474656201
5.704983 5.703782474656201
-0.6265442 -1.0874468547675935
-0.36810255 -0.42760029370451397
-0.5832198 -0.9419419287596826
-0.9053575 -0.15687722681390998
5.704983 5.703782474656201
5.4112267 5.419419789161013
-0.54093003 -0.40763596270887303
-0.3097859 -0.43845845164008984
-0.29357848 0.9756115393881186
-0.58693314 -1.0695497260379314
-0.1366445 -0.5345703107798069
5.7036924 5.703782474656201
-0.16671287 -0.19645658730194815
-0.6265442 -1.038681554594926
5.704298 5.703782474656201
1.7724366 0.9402580083011098
5.702964 5.703782474656201
-0.29150113 -0.5705933211803729
5.706273 5.703782474656201
-0.5291957 -0.9689033171960375
-0.25904495 -0.2291691689398683
-0.54747325 -0.6580773782215537
5.6992946 5.703782474656201
-0.44738352 -0.12636286232958432
0.9545645 1.2924124358742646
-0.4550543 -0.9898995978328675
3.9107902 3.5812929628095707
3.261818 5.703782474656201
-0.29100743 -1.0446924466786793
-0.5999514 -0.7226604438384041
-0.36626333 0.41339690143435526
5.7032003 5.703782474656201
-0.6962171 -0.4277567303840196
5.704983 5.703782474656201
-0.33358195 -0.5351849169134603
-0.38980517 -0.470603809317768
-0.3097859 -0.165878684807214
-0.41186205 -1.1337722179758145
5.703785 5.703782474656201
-0.88046753 -1.1967423405772921
-0.3511267 -0.5522658649168702
-0.636278 -0.8120095484858966
0.55930704 0.9055148803725604
-0.48776963 -0.9750221469379781
1.4344245 2.3361791407285692
-0.19177756 -0.4127057584636916
-0.7043618 -0.8892326265860545
4.8447447 5.1347753197265344
5.7013874 5.703782474656201
-0.5275323 0.3200829486771076
f0:5.649101257324219
f1:5.043820858001709
f2:3.0452845096588135
f4:0.2532995045185089
f5:0.22545933723449707
