0 0 207 0 1000 1 1000 2 1000 3 1000 4 -1 -1 1001 5 -1 -1 -1 -1 1001 5 -1 -1 -1 -1 1001 5 -1 -1 -1 -1 1001 0 1000 1 1000 2 1000 3 1000 4 -1 -1 1001 6 -1 -1 -1 -1 1001 5 -1 -1 -1 -1 1001 5 -1 -1 -1 -1 1001 7 1000 3 1000 4 -1 -1 1001 5 -1 -1 -1 -1 1001 5 -1 -1 -1 -1 1002 7 1000 3 1000 4 -1 -1 1001 6 -1 -1 -1 -1 1001 4 -1 -1 -1 -1 -1 -1 1002 0 1000 1 1000 2 1000 3 1000 8 1000 4 -1 -1 1001 5 -1 -1 -1 -1 1001 9 -1 -1 -1 -1 1001 5 -1 -1 -1 -1 1001 5 -1 -1 -1 -1 1001 7 1000 3 1000 4 -1 -1 1001 5 -1 -1 -1 -1 1001 5 -1 -1 -1 -1 1002 0 1000 1 1000 2 1000 4 -1 -1 1001 5 -1 -1 -1 -1 1001 5 -1 -1 -1 -1 1001 4 -1 -1 1002 7 1000 3 1000 4 -1 -1 1001 5 -1 -1 -1 -1 1001 5 -1 -1 -1 -1 -1 -1
1 1 79 0 1000 1 1000 2 1000 4 -1 -1 1001 5 -1 -1 -1 -1 1001 5 -1 -1 -1 -1 1001 0 1000 1 1000 2 1000 3 1000 4 -1 -1 1001 6 -1 -1 -1 -1 1001 5 -1 -1 -1 -1 1001 5 -1 -1 -1 -1 1001 3 1000 4 -1 -1 1001 5 -1 -1 -1 -1 1002 10 -1 -1 -1 -1 1002 8 1000 4 -1 -1 1001 5 -1 -1
2 2 71 0 1000 1 1000 2 1000 3 1000 4 -1 -1 1001 6 -1 -1 -1 -1 1001 5 -1 -1 -1 -1 1001 5 -1 -1 -1 -1 1001 8 1000 4 -1 -1 1001 5 -1 -1 -1 -1 1002 0 1000 1 1000 2 1000 4 -1 -1 1001 5 -1 -1 -1 -1 1001 5 -1 -1 -1 -1 1001 5 -1 -1 1002 10 -1 -1
3 3 71 0 1000 1 1000 2 1000 3 1000 4 -1 -1 1001 6 -1 -1 -1 -1 1001 5 -1 -1 -1 -1 1001 5 -1 -1 -1 -1 1001 8 1000 4 -1 -1 1001 5 -1 -1 -1 -1 1002 0 1000 1 1000 2 1000 4 -1 -1 1001 5 -1 -1 -1 -1 1001 5 -1 -1 -1 -1 1001 5 -1 -1 1002 10 -1 -1
4 4 51 0 1000 1 1000 2 1000 4 -1 -1 1001 5 -1 -1 -1 -1 1001 5 -1 -1 -1 -1 1001 3 1000 11 1000 4 -1 -1 1001 5 -1 -1 -1 -1 1001 5 -1 -1 -1 -1 1002 8 1000 4 -1 -1 1001 5 -1 -1
5 5 95 0 1000 1 1000 2 1000 4 -1 -1 1001 5 -1 -1 -1 -1 1001 5 -1 -1 -1 -1 1001 11 1000 3 1000 3 1000 4 -1 -1 1001 9 -1 -1 -1 -1 1001 5 -1 -1 -1 -1 1001 4 -1 -1 -1 -1 1002 0 1000 1 1000 2 1000 3 1000 4 -1 -1 1001 9 -1 -1 -1 -1 1001 5 -1 -1 -1 -1 1001 5 -1 -1 -1 -1 1001 7 1000 4 -1 -1 1001 5 -1 -1 -1 -1 1002 4 -1 -1
6 6 195 0 1000 1 1000 2 1000 4 -1 -1 1001 5 -1 -1 -1 -1 1001 5 -1 -1 -1 -1 1001 0 1000 1 1000 2 1000 3 1000 4 -1 -1 1001 5 -1 -1 -1 -1 1001 5 -1 -1 -1 -1 1001 5 -1 -1 -1 -1 1001 3 1000 3 1000 3 1000 4 -1 -1 1001 6 -1 -1 -1 -1 1001 9 -1 -1 -1 -1 1001 9 -1 -1 -1 -1 1002 8 1000 8 1000 3 1000 4 -1 -1 1001 5 -1 -1 -1 -1 1001 5 -1 -1 -1 -1 1001 5 -1 -1 -1 -1 -1 -1 1002 0 1000 1 1000 2 1000 3 1000 4 -1 -1 1001 5 -1 -1 -1 -1 1001 5 -1 -1 -1 -1 1001 5 -1 -1 -1 -1 1001 8 1000 8 1000 3 1000 4 -1 -1 1001 5 -1 -1 -1 -1 1001 5 -1 -1 -1 -1 1001 5 -1 -1 -1 -1 1002 3 1000 3 1000 3 1000 4 -1 -1 1001 6 -1 -1 -1 -1 1001 9 -1 -1 -1 -1 1001 9 -1 -1 -1 -1
7 7 171 0 1000 1 1000 2 1000 3 1000 4 -1 -1 1001 5 -1 -1 -1 -1 1001 5 -1 -1 -1 -1 1001 5 -1 -1 -1 -1 1001 0 1000 1 1000 2 1000 4 -1 -1 1001 5 -1 -1 -1 -1 1001 5 -1 -1 -1 -1 1001 3 1000 3 1000 3 1000 4 -1 -1 1001 6 -1 -1 -1 -1 1001 9 -1 -1 -1 -1 1001 9 -1 -1 -1 -1 1002 8 1000 4 -1 -1 1001 5 -1 -1 -1 -1 -1 -1 1002 0 1000 1 1000 2 1000 4 -1 -1 1001 5 -1 -1 -1 -1 1001 5 -1 -1 -1 -1 1001 8 1000 8 1000 3 1000 4 -1 -1 1001 5 -1 -1 -1 -1 1001 5 -1 -1 -1 -1 1001 5 -1 -1 -1 -1 1002 3 1000 3 1000 3 1000 4 -1 -1 1001 6 -1 -1 -1 -1 1001 9 -1 -1 -1 -1 1001 9 -1 -1 -1 -1
8 8 91 0 1000 1 1000 2 1000 3 1000 8 1000 4 -1 -1 1001 5 -1 -1 -1 -1 1001 9 -1 -1 -1 -1 1001 5 -1 -1 -1 -1 1001 5 -1 -1 -1 -1 1001 12 1000 8 1000 4 -1 -1 1001 5 -1 -1 -1 -1 -1 -1 1002 0 1000 1 1000 2 1000 4 -1 -1 1001 5 -1 -1 -1 -1 1001 5 -1 -1 -1 -1 1001 12 1000 5 -1 -1 -1 -1 1002 12 1000 10 -1 -1 -1 -1
9 9 191 0 1000 1 1000 2 1000 3 1000 3 1000 4 -1 -1 1001 6 -1 -1 -1 -1 1001 9 -1 -1 -1 -1 1001 5 -1 -1 -1 -1 1001 5 -1 -1 -1 -1 1001 2 1000 4 -1 -1 1001 5 -1 -1 -1 -1 1002 0 1000 1 1000 2 1000 4 -1 -1 1001 5 -1 -1 -1 -1 1001 5 -1 -1 -1 -1 1001 3 1000 3 1000 12 1000 8 1000 4 -1 -1 1001 5 -1 -1 -1 -1 -1 -1 1001 6 -1 -1 -1 -1 1001 5 -1 -1 -1 -1 1002 0 1000 1 1000 2 1000 3 1000 4 -1 -1 1001 9 -1 -1 -1 -1 1001 5 -1 -1 -1 -1 1001 5 -1 -1 -1 -1 1001 3 1000 3 1000 12 1000 8 1000 4 -1 -1 1001 5 -1 -1 -1 -1 -1 -1 1001 6 -1 -1 -1 -1 1001 5 -1 -1 -1 -1 1002 3 1000 3 1000 12 1000 10 -1 -1 -1 -1 1001 6 -1 -1 -1 -1 1001 5 -1 -1 -1 -1 -1 -1
10 10 67 0 1000 1 1000 2 1000 4 -1 -1 1001 5 -1 -1 -1 -1 1001 5 -1 -1 -1 -1 1001 8 1000 3 1000 4 -1 -1 1001 5 -1 -1 -1 -1 1001 5 -1 -1 -1 -1 1002 3 1000 11 1000 8 1000 4 -1 -1 1001 5 -1 -1 -1 -1 1001 4 -1 -1 -1 -1 1001 9 -1 -1
11 11 43 0 1000 1 1000 2 1000 4 -1 -1 1001 5 -1 -1 -1 -1 1001 5 -1 -1 -1 -1 1001 4 -1 -1 1002 8 1000 7 1000 4 -1 -1 1001 5 -1 -1 -1 -1 1001 5 -1 -1
12 12 87 0 1000 1 1000 2 1000 3 1000 4 -1 -1 1001 5 -1 -1 -1 -1 1001 5 -1 -1 -1 -1 1001 5 -1 -1 -1 -1 1001 3 1000 3 1000 3 1000 12 1000 4 -1 -1 -1 -1 1001 5 -1 -1 -1 -1 1001 5 -1 -1 -1 -1 1001 5 -1 -1 -1 -1 1002 12 1000 3 1000 3 1000 12 1000 4 -1 -1 -1 -1 1001 6 -1 -1 -1 -1 1001 6 -1 -1 -1 -1
13 13 175 0 1000 1 1000 2 1000 3 1000 3 1000 4 -1 -1 1001 6 -1 -1 -1 -1 1001 9 -1 -1 -1 -1 1001 5 -1 -1 -1 -1 1001 5 -1 -1 -1 -1 1001 0 1000 1 1000 2 1000 4 -1 -1 1001 5 -1 -1 -1 -1 1001 5 -1 -1 -1 -1 1001 12 1000 3 1000 12 1000 3 1000 4 -1 -1 1001 5 -1 -1 -1 -1 -1 -1 1001 9 -1 -1 -1 -1 -1 -1 1002 12 1000 3 1000 4 -1 -1 1001 9 -1 -1 -1 -1 -1 -1 -1 -1 1002 0 1000 1 1000 2 1000 4 -1 -1 1001 5 -1 -1 -1 -1 1001 5 -1 -1 -1 -1 1001 12 1000 3 1000 12 1000 3 1000 4 -1 -1 1001 5 -1 -1 -1 -1 -1 -1 1001 9 -1 -1 -1 -1 -1 -1 1002 13 1000 3 1000 4 -1 -1 1001 6 -1 -1 -1 -1 1001 4 -1 -1 -1 -1
14 14 175 0 1000 1 1000 2 1000 3 1000 3 1000 4 -1 -1 1001 6 -1 -1 -1 -1 1001 9 -1 -1 -1 -1 1001 5 -1 -1 -1 -1 1001 5 -1 -1 -1 -1 1001 0 1000 1 1000 2 1000 4 -1 -1 1001 5 -1 -1 -1 -1 1001 5 -1 -1 -1 -1 1001 12 1000 3 1000 12 1000 3 1000 4 -1 -1 1001 5 -1 -1 -1 -1 -1 -1 1001 9 -1 -1 -1 -1 -1 -1 1002 12 1000 3 1000 4 -1 -1 1001 9 -1 -1 -1 -1 -1 -1 -1 -1 1002 0 1000 1 1000 2 1000 4 -1 -1 1001 5 -1 -1 -1 -1 1001 5 -1 -1 -1 -1 1001 12 1000 3 1000 12 1000 3 1000 4 -1 -1 1001 5 -1 -1 -1 -1 -1 -1 1001 9 -1 -1 -1 -1 -1 -1 1002 13 1000 3 1000 4 -1 -1 1001 6 -1 -1 -1 -1 1001 4 -1 -1 -1 -1
15 15 51 0 1000 1 1000 2 1000 4 -1 -1 1001 5 -1 -1 -1 -1 1001 5 -1 -1 -1 -1 1001 12 1000 4 -1 -1 -1 -1 1002 12 1000 11 1000 8 1000 4 -1 -1 1001 5 -1 -1 -1 -1 1001 4 -1 -1 -1 -1
16 16 103 0 1000 1 1000 2 1000 3 1000 4 -1 -1 1001 6 -1 -1 -1 -1 1001 5 -1 -1 -1 -1 1001 5 -1 -1 -1 -1 1001 8 1000 8 1000 4 -1 -1 1001 5 -1 -1 -1 -1 1001 5 -1 -1 -1 -1 1002 0 1000 1 1000 2 1000 4 -1 -1 1001 5 -1 -1 -1 -1 1001 5 -1 -1 -1 -1 1001 8 1000 5 -1 -1 1001 5 -1 -1 -1 -1 1002 11 1000 8 1000 5 -1 -1 1001 5 -1 -1 -1 -1 1001 4 -1 -1 -1 -1
17 17 103 0 1000 1 1000 2 1000 3 1000 3 1000 4 -1 -1 1001 9 -1 -1 -1 -1 1001 5 -1 -1 -1 -1 1001 5 -1 -1 -1 -1 1001 5 -1 -1 -1 -1 1001 0 1000 1 1000 2 1000 4 -1 -1 1001 5 -1 -1 -1 -1 1001 5 -1 -1 -1 -1 1001 3 1000 3 1000 4 -1 -1 1001 6 -1 -1 -1 -1 1001 9 -1 -1 -1 -1 1002 7 1000 4 -1 -1 1001 5 -1 -1 -1 -1 -1 -1 1002 13 1000 4 -1 -1 1001 5 -1 -1
18 18 5 3 1000 4 -1 -1
19 19 183 0 1000 1 1000 2 1000 4 -1 -1 1001 5 -1 -1 -1 -1 1001 5 -1 -1 -1 -1 1001 0 1000 1 1000 2 1000 3 1000 4 -1 -1 1001 5 -1 -1 -1 -1 1001 5 -1 -1 -1 -1 1001 5 -1 -1 -1 -1 1001 0 1000 1 1000 2 1000 3 1000 4 -1 -1 1001 9 -1 -1 -1 -1 1001 5 -1 -1 -1 -1 1001 5 -1 -1 -1 -1 1001 7 1000 3 1000 4 -1 -1 1001 6 -1 -1 -1 -1 1001 5 -1 -1 -1 -1 1002 8 1000 3 1000 3 1000 4 -1 -1 1001 6 -1 -1 -1 -1 1001 5 -1 -1 -1 -1 1001 5 -1 -1 -1 -1 -1 -1 1002 7 1000 3 1000 4 -1 -1 1001 6 -1 -1 -1 -1 1001 5 -1 -1 -1 -1 -1 -1 1002 3 1000 8 1000 3 1000 12 1000 4 -1 -1 -1 -1 1001 6 -1 -1 -1 -1 1001 5 -1 -1 -1 -1 1001 6 -1 -1
20 20 71 0 1000 1 1000 2 1000 4 -1 -1 1001 5 -1 -1 -1 -1 1001 5 -1 -1 -1 -1 1001 8 1000 12 1000 8 1000 3 1000 4 -1 -1 1001 5 -1 -1 -1 -1 1001 5 -1 -1 -1 -1 -1 -1 1001 5 -1 -1 -1 -1 1002 12 1000 8 1000 12 1000 4 -1 -1 -1 -1 1001 5 -1 -1 -1 -1
21 21 95 0 1000 1 1000 2 1000 3 1000 4 -1 -1 1001 6 -1 -1 -1 -1 1001 5 -1 -1 -1 -1 1001 5 -1 -1 -1 -1 1001 3 1000 4 -1 -1 1001 6 -1 -1 -1 -1 1002 0 1000 1 1000 2 1000 4 -1 -1 1001 5 -1 -1 -1 -1 1001 5 -1 -1 -1 -1 1001 3 1000 4 -1 -1 1001 6 -1 -1 -1 -1 1002 11 1000 8 1000 5 -1 -1 1001 5 -1 -1 -1 -1 1001 4 -1 -1 -1 -1
22 22 59 0 1000 1 1000 2 1000 3 1000 4 -1 -1 1001 9 -1 -1 -1 -1 1001 5 -1 -1 -1 -1 1001 5 -1 -1 -1 -1 1001 13 1000 8 1000 5 -1 -1 1001 5 -1 -1 -1 -1 1001 4 -1 -1 -1 -1 1002 8 1000 5 -1 -1 1001 5 -1 -1
23 23 37 0 1000 1 1000 2 1000 4 -1 -1 1001 5 -1 -1 -1 -1 1001 5 -1 -1 -1 -1 1001 3 1000 12 1000 4 -1 -1 -1 -1 1001 6 -1 -1 -1 -1
24 24 37 0 1000 1 1000 2 1000 4 -1 -1 1001 5 -1 -1 -1 -1 1001 5 -1 -1 -1 -1 1001 3 1000 12 1000 4 -1 -1 -1 -1 1001 6 -1 -1 -1 -1
25 25 47 0 1000 1 1000 2 1000 4 -1 -1 1001 5 -1 -1 -1 -1 1001 5 -1 -1 -1 -1 1001 12 1000 4 -1 -1 -1 -1 1002 13 1000 8 1000 5 -1 -1 1001 5 -1 -1 -1 -1 1001 4 -1 -1
26 26 55 0 1000 1 1000 2 1000 4 -1 -1 1001 5 -1 -1 -1 -1 1001 5 -1 -1 -1 -1 1001 3 1000 3 1000 3 1000 4 -1 -1 1001 6 -1 -1 -1 -1 1001 9 -1 -1 -1 -1 1001 5 -1 -1 -1 -1 1002 12 1000 4 -1 -1
27 27 89 0 1000 1 1000 2 1000 3 1000 4 -1 -1 1001 6 -1 -1 -1 -1 1001 5 -1 -1 -1 -1 1001 5 -1 -1 -1 -1 1001 0 1000 1 1000 2 1000 4 -1 -1 1001 5 -1 -1 -1 -1 1001 5 -1 -1 -1 -1 1001 8 1000 3 1000 4 -1 -1 1001 5 -1 -1 -1 -1 1001 5 -1 -1 -1 -1 1002 3 1000 12 1000 4 -1 -1 -1 -1 1001 6 -1 -1 -1 -1 -1 -1
28 28 99 0 1000 1 1000 2 1000 4 -1 -1 1001 5 -1 -1 -1 -1 1001 5 -1 -1 -1 -1 1001 0 1000 1 1000 2 1000 3 1000 4 -1 -1 1001 9 -1 -1 -1 -1 1001 5 -1 -1 -1 -1 1001 5 -1 -1 -1 -1 1001 5 -1 -1 1002 12 1000 3 1000 11 1000 4 -1 -1 1001 5 -1 -1 -1 -1 1001 5 -1 -1 -1 -1 -1 -1 -1 -1 1002 11 1000 3 1000 4 -1 -1 1001 6 -1 -1 -1 -1 1001 5 -1 -1
29 29 139 0 1000 1 1000 2 1000 3 1000 4 -1 -1 1001 9 -1 -1 -1 -1 1001 5 -1 -1 -1 -1 1001 5 -1 -1 -1 -1 1001 0 1000 1 1000 2 1000 3 1000 4 -1 -1 1001 5 -1 -1 -1 -1 1001 5 -1 -1 -1 -1 1001 5 -1 -1 -1 -1 1001 3 1000 4 -1 -1 1001 6 -1 -1 -1 -1 1002 3 1000 4 -1 -1 1001 9 -1 -1 -1 -1 -1 -1 1002 0 1000 1 1000 2 1000 3 1000 4 -1 -1 1001 5 -1 -1 -1 -1 1001 5 -1 -1 -1 -1 1001 5 -1 -1 -1 -1 1001 3 1000 4 -1 -1 1001 9 -1 -1 -1 -1 1002 3 1000 4 -1 -1 1001 6 -1 -1 -1 -1
30 30 55 0 1000 1 1000 2 1000 3 1000 4 -1 -1 1001 6 -1 -1 -1 -1 1001 5 -1 -1 -1 -1 1001 5 -1 -1 -1 -1 1001 3 1000 4 -1 -1 1001 5 -1 -1 -1 -1 1002 12 1000 3 1000 4 -1 -1 1001 5 -1 -1 -1 -1
31 31 67 0 1000 1 1000 2 1000 4 -1 -1 1001 5 -1 -1 -1 -1 1001 5 -1 -1 -1 -1 1001 3 1000 3 1000 4 -1 -1 1001 9 -1 -1 -1 -1 1001 9 -1 -1 -1 -1 1002 11 1000 3 1000 3 1000 4 -1 -1 1001 6 -1 -1 -1 -1 1001 6 -1 -1 -1 -1 1001 4 -1 -1
32 32 87 0 1000 1 1000 2 1000 4 -1 -1 1001 5 -1 -1 -1 -1 1001 5 -1 -1 -1 -1 1001 12 1000 4 -1 -1 -1 -1 1002 0 1000 1 1000 2 1000 3 1000 4 -1 -1 1001 9 -1 -1 -1 -1 1001 5 -1 -1 -1 -1 1001 5 -1 -1 -1 -1 1001 12 1000 4 -1 -1 -1 -1 1002 3 1000 3 1000 4 -1 -1 1001 9 -1 -1 -1 -1 1001 5 -1 -1 -1 -1
33 33 75 0 1000 1 1000 2 1000 4 -1 -1 1001 5 -1 -1 -1 -1 1001 5 -1 -1 -1 -1 1001 0 1000 1 1000 2 1000 3 1000 4 -1 -1 1001 5 -1 -1 -1 -1 1001 5 -1 -1 -1 -1 1001 5 -1 -1 -1 -1 1001 8 1000 4 -1 -1 1001 5 -1 -1 -1 -1 1002 4 -1 -1 -1 -1 1002 12 1000 4 -1 -1
34 34 115 0 1000 1 1000 2 1000 3 1000 3 1000 4 -1 -1 1001 6 -1 -1 -1 -1 1001 9 -1 -1 -1 -1 1001 5 -1 -1 -1 -1 1001 5 -1 -1 -1 -1 1001 0 1000 1 1000 2 1000 4 -1 -1 1001 5 -1 -1 -1 -1 1001 5 -1 -1 -1 -1 1001 8 1000 4 -1 -1 1001 5 -1 -1 -1 -1 1002 12 1000 4 -1 -1 -1 -1 -1 -1 1002 0 1000 1 1000 2 1000 4 -1 -1 1001 5 -1 -1 -1 -1 1001 5 -1 -1 -1 -1 1001 4 -1 -1 1002 12 1000 4 -1 -1 -1 -1
35 35 111 0 1000 1 1000 2 1000 3 1000 4 -1 -1 1001 9 -1 -1 -1 -1 1001 5 -1 -1 -1 -1 1001 5 -1 -1 -1 -1 1001 0 1000 1 1000 2 1000 3 1000 4 -1 -1 1001 5 -1 -1 -1 -1 1001 5 -1 -1 -1 -1 1001 5 -1 -1 -1 -1 1001 7 1000 3 1000 4 -1 -1 1001 6 -1 -1 -1 -1 1001 5 -1 -1 -1 -1 1002 2 1000 12 1000 4 -1 -1 -1 -1 1001 5 -1 -1 -1 -1 -1 -1 1002 2 1000 12 1000 4 -1 -1 -1 -1 1001 5 -1 -1
36 36 87 0 1000 1 1000 2 1000 3 1000 3 1000 4 -1 -1 1001 9 -1 -1 -1 -1 1001 5 -1 -1 -1 -1 1001 5 -1 -1 -1 -1 1001 5 -1 -1 -1 -1 1001 0 1000 1 1000 2 1000 4 -1 -1 1001 5 -1 -1 -1 -1 1001 5 -1 -1 -1 -1 1001 5 -1 -1 1002 10 -1 -1 -1 -1 1002 3 1000 3 1000 4 -1 -1 1001 6 -1 -1 -1 -1 1001 9 -1 -1
37 37 95 0 1000 1 1000 2 1000 3 1000 4 -1 -1 1001 6 -1 -1 -1 -1 1001 5 -1 -1 -1 -1 1001 5 -1 -1 -1 -1 1001 0 1000 1 1000 2 1000 4 -1 -1 1001 5 -1 -1 -1 -1 1001 5 -1 -1 -1 -1 1001 8 1000 5 -1 -1 1001 5 -1 -1 -1 -1 1002 3 1000 4 -1 -1 1001 5 -1 -1 -1 -1 -1 -1 1002 11 1000 8 1000 5 -1 -1 1001 5 -1 -1 -1 -1 1001 4 -1 -1
38 38 115 0 1000 1 1000 2 1000 3 1000 4 -1 -1 1001 6 -1 -1 -1 -1 1001 5 -1 -1 -1 -1 1001 5 -1 -1 -1 -1 1001 3 1000 12 1000 4 -1 -1 -1 -1 1001 6 -1 -1 -1 -1 1002 0 1000 1 1000 2 1000 4 -1 -1 1001 5 -1 -1 -1 -1 1001 5 -1 -1 -1 -1 1001 3 1000 3 1000 4 -1 -1 1001 9 -1 -1 -1 -1 1001 5 -1 -1 -1 -1 1002 3 1000 3 1000 8 1000 4 -1 -1 1001 5 -1 -1 -1 -1 1001 9 -1 -1 -1 -1 1001 5 -1 -1 -1 -1
39 39 79 0 1000 1 1000 2 1000 3 1000 4 -1 -1 1001 6 -1 -1 -1 -1 1001 5 -1 -1 -1 -1 1001 5 -1 -1 -1 -1 1001 3 1000 4 -1 -1 1001 6 -1 -1 -1 -1 1002 0 1000 1 1000 2 1000 4 -1 -1 1001 5 -1 -1 -1 -1 1001 5 -1 -1 -1 -1 1001 12 1000 10 -1 -1 -1 -1 1002 12 1000 5 -1 -1 -1 -1
40 40 79 0 1000 1 1000 2 1000 3 1000 4 -1 -1 1001 6 -1 -1 -1 -1 1001 5 -1 -1 -1 -1 1001 5 -1 -1 -1 -1 1001 3 1000 4 -1 -1 1001 6 -1 -1 -1 -1 1002 0 1000 1 1000 2 1000 4 -1 -1 1001 5 -1 -1 -1 -1 1001 5 -1 -1 -1 -1 1001 12 1000 10 -1 -1 -1 -1 1002 12 1000 5 -1 -1 -1 -1
41 41 87 0 1000 1 1000 2 1000 3 1000 4 -1 -1 1001 9 -1 -1 -1 -1 1001 5 -1 -1 -1 -1 1001 5 -1 -1 -1 -1 1001 10 -1 -1 1002 0 1000 1 1000 2 1000 4 -1 -1 1001 5 -1 -1 -1 -1 1001 5 -1 -1 -1 -1 1001 4 -1 -1 1002 11 1000 3 1000 3 1000 4 -1 -1 1001 6 -1 -1 -1 -1 1001 9 -1 -1 -1 -1 1001 4 -1 -1 -1 -1
42 42 79 0 1000 1 1000 2 1000 4 -1 -1 1001 5 -1 -1 -1 -1 1001 5 -1 -1 -1 -1 1001 3 1000 8 1000 4 -1 -1 1001 5 -1 -1 -1 -1 1001 9 -1 -1 -1 -1 1002 8 1000 3 1000 11 1000 3 1000 12 1000 4 -1 -1 -1 -1 1001 9 -1 -1 -1 -1 1001 4 -1 -1 -1 -1 1001 5 -1 -1 -1 -1 1001 5 -1 -1
43 43 127 0 1000 1 1000 2 1000 3 1000 4 -1 -1 1001 5 -1 -1 -1 -1 1001 4 -1 -1 -1 -1 1001 5 -1 -1 -1 -1 1001 4 -1 -1 1002 0 1000 1 1000 2 1000 4 -1 -1 1001 5 -1 -1 -1 -1 1001 5 -1 -1 -1 -1 1001 8 1000 4 -1 -1 1001 5 -1 -1 -1 -1 1002 0 1000 1 1000 12 1000 4 -1 -1 -1 -1 1001 5 -1 -1 -1 -1 1001 8 1000 4 -1 -1 1001 5 -1 -1 -1 -1 1002 8 1000 13 1000 3 1000 4 -1 -1 1001 9 -1 -1 -1 -1 1001 4 -1 -1 -1 -1 1001 5 -1 -1 -1 -1 -1 -1
44 44 87 0 1000 1 1000 2 1000 4 -1 -1 1001 5 -1 -1 -1 -1 1001 5 -1 -1 -1 -1 1001 0 1000 1 1000 3 1000 4 -1 -1 1001 6 -1 -1 -1 -1 1001 5 -1 -1 -1 -1 1001 12 1000 7 1000 8 1000 5 -1 -1 1001 5 -1 -1 -1 -1 1001 4 -1 -1 -1 -1 -1 -1 1002 12 1000 4 -1 -1 -1 -1 -1 -1 1002 3 1000 4 -1 -1 1001 6 -1 -1
45 45 203 0 1000 1 1000 2 1000 3 1000 4 -1 -1 1001 5 -1 -1 -1 -1 1001 5 -1 -1 -1 -1 1001 5 -1 -1 -1 -1 1001 0 1000 1 1000 11 1000 3 1000 4 -1 -1 1001 6 -1 -1 -1 -1 1001 4 -1 -1 -1 -1 1001 5 -1 -1 -1 -1 1001 12 1000 5 -1 -1 -1 -1 1002 8 1000 7 1000 12 1000 5 -1 -1 -1 -1 1001 4 -1 -1 -1 -1 1001 5 -1 -1 -1 -1 -1 -1 1002 0 1000 1 1000 2 1000 4 -1 -1 1001 5 -1 -1 -1 -1 1001 5 -1 -1 -1 -1 1001 11 1000 3 1000 12 1000 10 -1 -1 -1 -1 1001 6 -1 -1 -1 -1 1001 4 -1 -1 -1 -1 1002 0 1000 1 1000 7 1000 4 -1 -1 1001 5 -1 -1 -1 -1 1001 5 -1 -1 -1 -1 1001 8 1000 12 1000 5 -1 -1 -1 -1 1001 5 -1 -1 -1 -1 1002 11 1000 3 1000 12 1000 10 -1 -1 -1 -1 1001 6 -1 -1 -1 -1 1001 4 -1 -1 -1 -1 -1 -1
46 46 67 0 1000 1 1000 2 1000 3 1000 3 1000 4 -1 -1 1001 6 -1 -1 -1 -1 1001 9 -1 -1 -1 -1 1001 5 -1 -1 -1 -1 1001 5 -1 -1 -1 -1 1001 8 1000 5 -1 -1 1001 5 -1 -1 -1 -1 1002 8 1000 3 1000 4 -1 -1 1001 5 -1 -1 -1 -1 1001 5 -1 -1
47 47 179 0 1000 1 1000 12 1000 7 1000 3 1000 4 -1 -1 1001 6 -1 -1 -1 -1 1001 4 -1 -1 -1 -1 -1 -1 1001 5 -1 -1 -1 -1 1001 8 1000 12 1000 7 1000 4 -1 -1 1001 5 -1 -1 -1 -1 -1 -1 1001 5 -1 -1 -1 -1 1002 0 1000 1 1000 2 1000 3 1000 4 -1 -1 1001 5 -1 -1 -1 -1 1001 5 -1 -1 -1 -1 1001 5 -1 -1 -1 -1 1001 3 1000 11 1000 4 -1 -1 1001 5 -1 -1 -1 -1 1001 5 -1 -1 -1 -1 1002 0 1000 1 1000 3 1000 12 1000 4 -1 -1 -1 -1 1001 6 -1 -1 -1 -1 1001 5 -1 -1 -1 -1 1001 3 1000 11 1000 4 -1 -1 1001 5 -1 -1 -1 -1 1001 5 -1 -1 -1 -1 1002 8 1000 12 1000 13 1000 4 -1 -1 1001 5 -1 -1 -1 -1 -1 -1 1001 5 -1 -1 -1 -1 -1 -1
48 48 135 0 1000 1 1000 2 1000 4 -1 -1 1001 5 -1 -1 -1 -1 1001 5 -1 -1 -1 -1 1001 0 1000 1 1000 12 1000 11 1000 3 1000 3 1000 4 -1 -1 1001 6 -1 -1 -1 -1 1001 5 -1 -1 -1 -1 1001 4 -1 -1 -1 -1 -1 -1 1001 5 -1 -1 -1 -1 1001 10 -1 -1 1002 12 1000 8 1000 5 -1 -1 1001 5 -1 -1 -1 -1 -1 -1 -1 -1 1002 0 1000 1 1000 3 1000 4 -1 -1 1001 9 -1 -1 -1 -1 1001 5 -1 -1 -1 -1 1001 8 1000 12 1000 4 -1 -1 -1 -1 1001 5 -1 -1 -1 -1 1002 8 1000 5 -1 -1 1001 5 -1 -1 -1 -1
49 49 59 0 1000 1 1000 2 1000 4 -1 -1 1001 5 -1 -1 -1 -1 1001 5 -1 -1 -1 -1 1001 7 1000 3 1000 4 -1 -1 1001 9 -1 -1 -1 -1 1001 5 -1 -1 -1 -1 1002 11 1000 8 1000 5 -1 -1 1001 5 -1 -1 -1 -1 1001 4 -1 -1
50 50 143 0 1000 1 1000 2 1000 3 1000 3 1000 4 -1 -1 1001 6 -1 -1 -1 -1 1001 9 -1 -1 -1 -1 1001 5 -1 -1 -1 -1 1001 5 -1 -1 -1 -1 1001 0 1000 1 1000 2 1000 4 -1 -1 1001 5 -1 -1 -1 -1 1001 5 -1 -1 -1 -1 1001 7 1000 8 1000 5 -1 -1 1001 5 -1 -1 -1 -1 1001 4 -1 -1 -1 -1 1002 4 -1 -1 -1 -1 1002 0 1000 1 1000 3 1000 11 1000 8 1000 5 -1 -1 1001 5 -1 -1 -1 -1 1001 4 -1 -1 -1 -1 1001 9 -1 -1 -1 -1 1001 5 -1 -1 -1 -1 1001 10 -1 -1 1002 2 1000 12 1000 4 -1 -1 -1 -1 1001 5 -1 -1 -1 -1
51 51 41 0 1000 1 1000 2 1000 4 -1 -1 1001 5 -1 -1 -1 -1 1001 5 -1 -1 -1 -1 1001 13 1000 8 1000 5 -1 -1 1001 5 -1 -1 -1 -1 1001 4 -1 -1 -1 -1
52 52 155 0 1000 1 1000 2 1000 4 -1 -1 1001 5 -1 -1 -1 -1 1001 5 -1 -1 -1 -1 1001 0 1000 1 1000 2 1000 3 1000 3 1000 4 -1 -1 1001 5 -1 -1 -1 -1 1001 5 -1 -1 -1 -1 1001 5 -1 -1 -1 -1 1001 5 -1 -1 -1 -1 1001 4 -1 -1 1002 0 1000 1 1000 2 1000 3 1000 4 -1 -1 1001 5 -1 -1 -1 -1 1001 5 -1 -1 -1 -1 1001 5 -1 -1 -1 -1 1001 4 -1 -1 1002 0 1000 1 1000 2 1000 3 1000 3 1000 4 -1 -1 1001 9 -1 -1 -1 -1 1001 5 -1 -1 -1 -1 1001 5 -1 -1 -1 -1 1001 5 -1 -1 -1 -1 1001 4 -1 -1 1002 5 -1 -1 -1 -1 -1 -1 -1 -1 1002 12 1000 5 -1 -1
53 53 129 0 1000 1 1000 2 1000 3 1000 4 -1 -1 1001 6 -1 -1 -1 -1 1001 5 -1 -1 -1 -1 1001 5 -1 -1 -1 -1 1001 0 1000 1 1000 2 1000 4 -1 -1 1001 5 -1 -1 -1 -1 1001 5 -1 -1 -1 -1 1001 8 1000 3 1000 4 -1 -1 1001 5 -1 -1 -1 -1 1001 5 -1 -1 -1 -1 1002 0 1000 1 1000 3 1000 4 -1 -1 1001 6 -1 -1 -1 -1 1001 5 -1 -1 -1 -1 1001 3 1000 12 1000 10 -1 -1 -1 -1 1001 6 -1 -1 -1 -1 1002 3 1000 12 1000 4 -1 -1 -1 -1 1001 6 -1 -1 -1 -1 -1 -1 -1 -1
54 54 115 0 1000 1 1000 2 1000 3 1000 3 1000 4 -1 -1 1001 6 -1 -1 -1 -1 1001 9 -1 -1 -1 -1 1001 5 -1 -1 -1 -1 1001 5 -1 -1 -1 -1 1001 0 1000 1 1000 2 1000 4 -1 -1 1001 5 -1 -1 -1 -1 1001 5 -1 -1 -1 -1 1001 8 1000 4 -1 -1 1001 5 -1 -1 -1 -1 1002 12 1000 4 -1 -1 -1 -1 -1 -1 1002 0 1000 1 1000 2 1000 4 -1 -1 1001 5 -1 -1 -1 -1 1001 5 -1 -1 -1 -1 1001 4 -1 -1 1002 12 1000 4 -1 -1 -1 -1
55 55 91 0 1000 1 1000 2 1000 4 -1 -1 1001 5 -1 -1 -1 -1 1001 5 -1 -1 -1 -1 1001 10 -1 -1 1002 0 1000 1 1000 2 1000 3 1000 3 1000 4 -1 -1 1001 5 -1 -1 -1 -1 1001 5 -1 -1 -1 -1 1001 5 -1 -1 -1 -1 1001 5 -1 -1 -1 -1 1001 12 1000 5 -1 -1 -1 -1 1002 3 1000 3 1000 4 -1 -1 1001 5 -1 -1 -1 -1 1001 5 -1 -1 -1 -1
56 56 135 0 1000 1 1000 12 1000 4 -1 -1 -1 -1 1001 5 -1 -1 -1 -1 1001 8 1000 8 1000 3 1000 3 1000 4 -1 -1 1001 9 -1 -1 -1 -1 1001 5 -1 -1 -1 -1 1001 5 -1 -1 -1 -1 1001 5 -1 -1 -1 -1 1002 0 1000 1 1000 2 1000 4 -1 -1 1001 5 -1 -1 -1 -1 1001 5 -1 -1 -1 -1 1001 3 1000 8 1000 4 -1 -1 1001 5 -1 -1 -1 -1 1001 9 -1 -1 -1 -1 1002 8 1000 3 1000 11 1000 3 1000 12 1000 4 -1 -1 -1 -1 1001 9 -1 -1 -1 -1 1001 4 -1 -1 -1 -1 1001 5 -1 -1 -1 -1 1001 5 -1 -1 -1 -1
57 57 79 0 1000 1 1000 2 1000 4 -1 -1 1001 5 -1 -1 -1 -1 1001 5 -1 -1 -1 -1 1001 0 1000 1 1000 3 1000 4 -1 -1 1001 9 -1 -1 -1 -1 1001 5 -1 -1 -1 -1 1001 5 -1 -1 1002 10 -1 -1 -1 -1 1002 11 1000 3 1000 3 1000 4 -1 -1 1001 9 -1 -1 -1 -1 1001 5 -1 -1 -1 -1 1001 4 -1 -1
58 58 79 0 1000 1 1000 2 1000 4 -1 -1 1001 5 -1 -1 -1 -1 1001 5 -1 -1 -1 -1 1001 12 1000 4 -1 -1 -1 -1 1002 0 1000 1 1000 11 1000 3 1000 4 -1 -1 1001 6 -1 -1 -1 -1 1001 4 -1 -1 -1 -1 1001 5 -1 -1 -1 -1 1001 12 1000 4 -1 -1 -1 -1 1002 3 1000 4 -1 -1 1001 5 -1 -1 -1 -1
59 59 67 0 1000 1 1000 2 1000 3 1000 8 1000 4 -1 -1 1001 5 -1 -1 -1 -1 1001 6 -1 -1 -1 -1 1001 5 -1 -1 -1 -1 1001 5 -1 -1 -1 -1 1001 11 1000 4 -1 -1 1001 5 -1 -1 -1 -1 1002 12 1000 8 1000 12 1000 4 -1 -1 -1 -1 1001 5 -1 -1 -1 -1
60 60 167 0 1000 1 1000 2 1000 3 1000 4 -1 -1 1001 6 -1 -1 -1 -1 1001 5 -1 -1 -1 -1 1001 5 -1 -1 -1 -1 1001 0 1000 1 1000 2 1000 4 -1 -1 1001 5 -1 -1 -1 -1 1001 5 -1 -1 -1 -1 1001 0 1000 1 1000 3 1000 12 1000 4 -1 -1 -1 -1 1001 5 -1 -1 -1 -1 1001 5 -1 -1 -1 -1 1001 4 -1 -1 1002 12 1000 13 1000 3 1000 4 -1 -1 1001 5 -1 -1 -1 -1 1001 4 -1 -1 -1 -1 -1 -1 -1 -1 1002 7 1000 4 -1 -1 1001 5 -1 -1 -1 -1 -1 -1 1002 0 1000 1 1000 3 1000 3 1000 4 -1 -1 1001 6 -1 -1 -1 -1 1001 5 -1 -1 -1 -1 1001 5 -1 -1 -1 -1 1001 4 -1 -1 1002 7 1000 4 -1 -1 1001 5 -1 -1 -1 -1
61 61 199 0 1000 1 1000 2 1000 4 -1 -1 1001 5 -1 -1 -1 -1 1001 5 -1 -1 -1 -1 1001 0 1000 1 1000 2 1000 3 1000 3 1000 4 -1 -1 1001 5 -1 -1 -1 -1 1001 5 -1 -1 -1 -1 1001 5 -1 -1 -1 -1 1001 5 -1 -1 -1 -1 1001 0 1000 1 1000 2 1000 3 1000 4 -1 -1 1001 6 -1 -1 -1 -1 1001 5 -1 -1 -1 -1 1001 5 -1 -1 -1 -1 1001 0 1000 1 1000 2 1000 3 1000 4 -1 -1 1001 9 -1 -1 -1 -1 1001 5 -1 -1 -1 -1 1001 5 -1 -1 -1 -1 1001 10 -1 -1 1002 3 1000 8 1000 4 -1 -1 1001 5 -1 -1 -1 -1 1001 6 -1 -1 -1 -1 -1 -1 1002 8 1000 3 1000 4 -1 -1 1001 6 -1 -1 -1 -1 1001 5 -1 -1 -1 -1 -1 -1 1002 3 1000 8 1000 4 -1 -1 1001 5 -1 -1 -1 -1 1001 6 -1 -1 -1 -1 -1 -1 1002 7 1000 4 -1 -1 1001 5 -1 -1
62 62 75 0 1000 1 1000 2 1000 4 -1 -1 1001 5 -1 -1 -1 -1 1001 5 -1 -1 -1 -1 1001 0 1000 1 1000 3 1000 3 1000 4 -1 -1 1001 6 -1 -1 -1 -1 1001 9 -1 -1 -1 -1 1001 5 -1 -1 -1 -1 1001 4 -1 -1 1002 5 -1 -1 -1 -1 1002 12 1000 8 1000 4 -1 -1 1001 5 -1 -1 -1 -1
63 63 107 0 1000 1 1000 3 1000 3 1000 3 1000 4 -1 -1 1001 6 -1 -1 -1 -1 1001 6 -1 -1 -1 -1 1001 9 -1 -1 -1 -1 1001 5 -1 -1 -1 -1 1001 3 1000 3 1000 3 1000 4 -1 -1 1001 9 -1 -1 -1 -1 1001 9 -1 -1 -1 -1 1001 5 -1 -1 -1 -1 1002 3 1000 3 1000 3 1000 2 1000 3 1000 4 -1 -1 1001 6 -1 -1 -1 -1 1001 4 -1 -1 -1 -1 1001 9 -1 -1 -1 -1 1001 9 -1 -1 -1 -1 1001 5 -1 -1
64 64 183 0 1000 1 1000 2 1000 4 -1 -1 1001 5 -1 -1 -1 -1 1001 5 -1 -1 -1 -1 1001 12 1000 3 1000 4 -1 -1 1001 6 -1 -1 -1 -1 -1 -1 1002 0 1000 1 1000 7 1000 3 1000 4 -1 -1 1001 6 -1 -1 -1 -1 1001 5 -1 -1 -1 -1 1001 5 -1 -1 -1 -1 1001 0 1000 1 1000 3 1000 4 -1 -1 1001 6 -1 -1 -1 -1 1001 5 -1 -1 -1 -1 1001 3 1000 13 1000 8 1000 4 -1 -1 1001 5 -1 -1 -1 -1 1001 4 -1 -1 -1 -1 1001 9 -1 -1 -1 -1 1002 3 1000 13 1000 11 1000 8 1000 4 -1 -1 1001 5 -1 -1 -1 -1 1001 4 -1 -1 -1 -1 1001 4 -1 -1 -1 -1 1001 9 -1 -1 -1 -1 -1 -1 1002 3 1000 13 1000 8 1000 4 -1 -1 1001 5 -1 -1 -1 -1 1001 4 -1 -1 -1 -1 1001 9 -1 -1 -1 -1
65 65 139 0 1000 1 1000 3 1000 3 1000 3 1000 8 1000 4 -1 -1 1001 5 -1 -1 -1 -1 1001 6 -1 -1 -1 -1 1001 6 -1 -1 -1 -1 1001 6 -1 -1 -1 -1 1001 5 -1 -1 -1 -1 1001 0 1000 1 1000 2 1000 4 -1 -1 1001 5 -1 -1 -1 -1 1001 5 -1 -1 -1 -1 1001 5 -1 -1 1002 8 1000 4 -1 -1 1001 5 -1 -1 -1 -1 -1 -1 1002 0 1000 1 1000 2 1000 4 -1 -1 1001 5 -1 -1 -1 -1 1001 5 -1 -1 -1 -1 1001 12 1000 8 1000 12 1000 4 -1 -1 -1 -1 1001 5 -1 -1 -1 -1 -1 -1 1002 8 1000 4 -1 -1 1001 5 -1 -1 -1 -1
66 66 99 0 1000 1 1000 2 1000 3 1000 3 1000 4 -1 -1 1001 9 -1 -1 -1 -1 1001 9 -1 -1 -1 -1 1001 5 -1 -1 -1 -1 1001 5 -1 -1 -1 -1 1001 12 1000 4 -1 -1 -1 -1 1002 0 1000 1 1000 2 1000 4 -1 -1 1001 5 -1 -1 -1 -1 1001 5 -1 -1 -1 -1 1001 12 1000 4 -1 -1 -1 -1 1002 8 1000 12 1000 7 1000 4 -1 -1 1001 5 -1 -1 -1 -1 -1 -1 1001 5 -1 -1 -1 -1
67 67 123 0 1000 1 1000 2 1000 3 1000 4 -1 -1 1001 5 -1 -1 -1 -1 1001 5 -1 -1 -1 -1 1001 5 -1 -1 -1 -1 1001 0 1000 1 1000 3 1000 12 1000 4 -1 -1 -1 -1 1001 6 -1 -1 -1 -1 1001 5 -1 -1 -1 -1 1001 12 1000 8 1000 8 1000 4 -1 -1 1001 5 -1 -1 -1 -1 1001 5 -1 -1 -1 -1 -1 -1 1002 12 1000 8 1000 8 1000 8 1000 4 -1 -1 1001 5 -1 -1 -1 -1 1001 5 -1 -1 -1 -1 1001 5 -1 -1 -1 -1 -1 -1 -1 -1 1002 8 1000 5 -1 -1 1001 5 -1 -1
68 68 179 0 1000 1 1000 2 1000 3 1000 3 1000 4 -1 -1 1001 9 -1 -1 -1 -1 1001 9 -1 -1 -1 -1 1001 5 -1 -1 -1 -1 1001 5 -1 -1 -1 -1 1001 0 1000 1 1000 2 1000 3 1000 8 1000 4 -1 -1 1001 5 -1 -1 -1 -1 1001 9 -1 -1 -1 -1 1001 5 -1 -1 -1 -1 1001 5 -1 -1 -1 -1 1001 0 1000 1 1000 2 1000 4 -1 -1 1001 5 -1 -1 -1 -1 1001 5 -1 -1 -1 -1 1001 8 1000 8 1000 4 -1 -1 1001 5 -1 -1 -1 -1 1001 5 -1 -1 -1 -1 1002 12 1000 8 1000 12 1000 4 -1 -1 -1 -1 1001 5 -1 -1 -1 -1 -1 -1 -1 -1 1002 12 1000 8 1000 12 1000 4 -1 -1 -1 -1 1001 5 -1 -1 -1 -1 -1 -1 -1 -1 1002 12 1000 8 1000 12 1000 4 -1 -1 -1 -1 1001 5 -1 -1 -1 -1
69 69 127 0 1000 1 1000 2 1000 3 1000 8 1000 4 -1 -1 1001 5 -1 -1 -1 -1 1001 6 -1 -1 -1 -1 1001 5 -1 -1 -1 -1 1001 5 -1 -1 -1 -1 1001 0 1000 1 1000 3 1000 2 1000 3 1000 4 -1 -1 1001 9 -1 -1 -1 -1 1001 4 -1 -1 -1 -1 1001 5 -1 -1 -1 -1 1001 5 -1 -1 -1 -1 1001 5 -1 -1 1002 7 1000 3 1000 4 -1 -1 1001 5 -1 -1 -1 -1 1001 5 -1 -1 -1 -1 -1 -1 1002 13 1000 3 1000 3 1000 4 -1 -1 1001 6 -1 -1 -1 -1 1001 5 -1 -1 -1 -1 1001 4 -1 -1
70 70 135 0 1000 1 1000 2 1000 4 -1 -1 1001 5 -1 -1 -1 -1 1001 5 -1 -1 -1 -1 1001 8 1000 11 1000 3 1000 4 -1 -1 1001 6 -1 -1 -1 -1 1001 5 -1 -1 -1 -1 1001 5 -1 -1 -1 -1 1002 0 1000 1 1000 3 1000 3 1000 3 1000 3 1000 4 -1 -1 1001 6 -1 -1 -1 -1 1001 9 -1 -1 -1 -1 1001 5 -1 -1 -1 -1 1001 5 -1 -1 -1 -1 1001 5 -1 -1 -1 -1 1001 3 1000 12 1000 10 -1 -1 -1 -1 1001 6 -1 -1 -1 -1 1002 3 1000 12 1000 8 1000 4 -1 -1 1001 5 -1 -1 -1 -1 -1 -1 1001 6 -1 -1 -1 -1
71 71 195 0 1000 1 1000 2 1000 3 1000 3 1000 4 -1 -1 1001 9 -1 -1 -1 -1 1001 5 -1 -1 -1 -1 1001 5 -1 -1 -1 -1 1001 5 -1 -1 -1 -1 1001 0 1000 1 1000 3 1000 3 1000 4 -1 -1 1001 6 -1 -1 -1 -1 1001 5 -1 -1 -1 -1 1001 5 -1 -1 -1 -1 1001 8 1000 2 1000 8 1000 5 -1 -1 1001 5 -1 -1 -1 -1 1001 4 -1 -1 -1 -1 1001 5 -1 -1 -1 -1 1002 0 1000 1 1000 11 1000 3 1000 4 -1 -1 1001 9 -1 -1 -1 -1 1001 4 -1 -1 -1 -1 1001 5 -1 -1 -1 -1 1001 3 1000 11 1000 4 -1 -1 1001 5 -1 -1 -1 -1 1001 5 -1 -1 -1 -1 1002 8 1000 2 1000 11 1000 4 -1 -1 1001 5 -1 -1 -1 -1 1001 4 -1 -1 -1 -1 1001 5 -1 -1 -1 -1 -1 -1 -1 -1 1002 3 1000 11 1000 4 -1 -1 1001 5 -1 -1 -1 -1 1001 5 -1 -1
72 72 103 0 1000 1 1000 3 1000 4 -1 -1 1001 5 -1 -1 -1 -1 1001 5 -1 -1 -1 -1 1001 8 1000 5 -1 -1 1001 5 -1 -1 -1 -1 1002 0 1000 1 1000 2 1000 4 -1 -1 1001 5 -1 -1 -1 -1 1001 5 -1 -1 -1 -1 1001 13 1000 8 1000 5 -1 -1 1001 5 -1 -1 -1 -1 1001 4 -1 -1 -1 -1 1002 13 1000 3 1000 3 1000 4 -1 -1 1001 6 -1 -1 -1 -1 1001 5 -1 -1 -1 -1 1001 4 -1 -1 -1 -1
73 73 1 12
74 74 123 0 1000 1 1000 2 1000 4 -1 -1 1001 5 -1 -1 -1 -1 1001 5 -1 -1 -1 -1 1001 0 1000 1 1000 2 1000 3 1000 4 -1 -1 1001 5 -1 -1 -1 -1 1001 5 -1 -1 -1 -1 1001 5 -1 -1 -1 -1 1001 0 1000 1 1000 3 1000 4 -1 -1 1001 6 -1 -1 -1 -1 1001 5 -1 -1 -1 -1 1001 7 1000 11 1000 4 -1 -1 1001 5 -1 -1 -1 -1 1001 4 -1 -1 -1 -1 1002 4 -1 -1 -1 -1 1002 3 1000 4 -1 -1 1001 6 -1 -1 -1 -1 -1 -1 1002 3 1000 4 -1 -1 1001 6 -1 -1
75 75 75 0 1000 1 1000 2 1000 3 1000 4 -1 -1 1001 6 -1 -1 -1 -1 1001 5 -1 -1 -1 -1 1001 5 -1 -1 -1 -1 1001 3 1000 11 1000 4 -1 -1 1001 5 -1 -1 -1 -1 1001 9 -1 -1 -1 -1 1002 3 1000 3 1000 8 1000 4 -1 -1 1001 5 -1 -1 -1 -1 1001 6 -1 -1 -1 -1 1001 9 -1 -1
76 76 155 0 1000 1 1000 2 1000 4 -1 -1 1001 5 -1 -1 -1 -1 1001 5 -1 -1 -1 -1 1001 0 1000 1 1000 2 1000 3 1000 4 -1 -1 1001 9 -1 -1 -1 -1 1001 5 -1 -1 -1 -1 1001 5 -1 -1 -1 -1 1001 0 1000 1 1000 2 1000 3 1000 4 -1 -1 1001 6 -1 -1 -1 -1 1001 5 -1 -1 -1 -1 1001 5 -1 -1 -1 -1 1001 8 1000 3 1000 3 1000 4 -1 -1 1001 6 -1 -1 -1 -1 1001 5 -1 -1 -1 -1 1001 5 -1 -1 -1 -1 1002 7 1000 3 1000 4 -1 -1 1001 6 -1 -1 -1 -1 1001 5 -1 -1 -1 -1 -1 -1 1002 8 1000 5 -1 -1 1001 5 -1 -1 -1 -1 -1 -1 1002 8 1000 5 -1 -1 1001 5 -1 -1
77 77 95 0 1000 1 1000 2 1000 4 -1 -1 1001 5 -1 -1 -1 -1 1001 5 -1 -1 -1 -1 1001 3 1000 3 1000 4 -1 -1 1001 5 -1 -1 -1 -1 1001 5 -1 -1 -1 -1 1002 0 1000 1 1000 11 1000 3 1000 4 -1 -1 1001 6 -1 -1 -1 -1 1001 4 -1 -1 -1 -1 1001 5 -1 -1 -1 -1 1001 3 1000 3 1000 4 -1 -1 1001 5 -1 -1 -1 -1 1001 5 -1 -1 -1 -1 1002 10 -1 -1
78 78 159 0 1000 1 1000 2 1000 4 -1 -1 1001 5 -1 -1 -1 -1 1001 5 -1 -1 -1 -1 1001 0 1000 1 1000 2 1000 3 1000 3 1000 4 -1 -1 1001 9 -1 -1 -1 -1 1001 5 -1 -1 -1 -1 1001 5 -1 -1 -1 -1 1001 5 -1 -1 -1 -1 1001 0 1000 1 1000 2 1000 3 1000 4 -1 -1 1001 6 -1 -1 -1 -1 1001 5 -1 -1 -1 -1 1001 5 -1 -1 -1 -1 1001 10 -1 -1 1002 5 -1 -1 -1 -1 1002 10 -1 -1 -1 -1 1002 0 1000 1 1000 3 1000 4 -1 -1 1001 6 -1 -1 -1 -1 1001 5 -1 -1 -1 -1 1001 10 -1 -1 1002 3 1000 8 1000 8 1000 4 -1 -1 1001 5 -1 -1 -1 -1 1001 5 -1 -1 -1 -1 1001 5 -1 -1 -1 -1
79 79 111 0 1000 1 1000 3 1000 8 1000 4 -1 -1 1001 5 -1 -1 -1 -1 1001 9 -1 -1 -1 -1 1001 5 -1 -1 -1 -1 1001 3 1000 7 1000 3 1000 4 -1 -1 1001 6 -1 -1 -1 -1 1001 4 -1 -1 -1 -1 1001 9 -1 -1 -1 -1 1002 0 1000 1 1000 2 1000 4 -1 -1 1001 5 -1 -1 -1 -1 1001 5 -1 -1 -1 -1 1001 10 -1 -1 1002 3 1000 13 1000 3 1000 4 -1 -1 1001 6 -1 -1 -1 -1 1001 4 -1 -1 -1 -1 1001 9 -1 -1 -1 -1
80 80 67 0 1000 1 1000 2 1000 3 1000 4 -1 -1 1001 6 -1 -1 -1 -1 1001 5 -1 -1 -1 -1 1001 5 -1 -1 -1 -1 1001 3 1000 3 1000 11 1000 4 -1 -1 1001 5 -1 -1 -1 -1 1001 6 -1 -1 -1 -1 1001 5 -1 -1 -1 -1 1002 3 1000 4 -1 -1 1001 5 -1 -1
81 81 163 0 1000 1 1000 2 1000 3 1000 4 -1 -1 1001 9 -1 -1 -1 -1 1001 4 -1 -1 -1 -1 1001 5 -1 -1 -1 -1 1001 8 1000 8 1000 5 -1 -1 1001 5 -1 -1 -1 -1 1001 5 -1 -1 -1 -1 1002 0 1000 1 1000 2 1000 4 -1 -1 1001 5 -1 -1 -1 -1 1001 5 -1 -1 -1 -1 1001 8 1000 8 1000 4 -1 -1 1001 5 -1 -1 -1 -1 1001 5 -1 -1 -1 -1 1002 0 1000 1 1000 3 1000 3 1000 4 -1 -1 1001 9 -1 -1 -1 -1 1001 5 -1 -1 -1 -1 1001 5 -1 -1 -1 -1 1001 8 1000 8 1000 4 -1 -1 1001 5 -1 -1 -1 -1 1001 5 -1 -1 -1 -1 1002 12 1000 8 1000 12 1000 4 -1 -1 -1 -1 1001 5 -1 -1 -1 -1 -1 -1 -1 -1
82 82 63 0 1000 1 1000 2 1000 4 -1 -1 1001 5 -1 -1 -1 -1 1001 5 -1 -1 -1 -1 1001 12 1000 13 1000 11 1000 4 -1 -1 1001 5 -1 -1 -1 -1 1001 4 -1 -1 -1 -1 -1 -1 1002 3 1000 3 1000 4 -1 -1 1001 6 -1 -1 -1 -1 1001 9 -1 -1
83 83 175 0 1000 1 1000 2 1000 4 -1 -1 1001 5 -1 -1 -1 -1 1001 5 -1 -1 -1 -1 1001 0 1000 1 1000 3 1000 3 1000 12 1000 4 -1 -1 -1 -1 1001 6 -1 -1 -1 -1 1001 9 -1 -1 -1 -1 1001 5 -1 -1 -1 -1 1001 11 1000 3 1000 12 1000 10 -1 -1 -1 -1 1001 6 -1 -1 -1 -1 1001 5 -1 -1 -1 -1 1002 0 1000 1 1000 2 1000 3 1000 4 -1 -1 1001 9 -1 -1 -1 -1 1001 5 -1 -1 -1 -1 1001 5 -1 -1 -1 -1 1001 10 -1 -1 1002 3 1000 3 1000 3 1000 3 1000 4 -1 -1 1001 9 -1 -1 -1 -1 1001 9 -1 -1 -1 -1 1001 5 -1 -1 -1 -1 1001 5 -1 -1 -1 -1 -1 -1 -1 -1 1002 11 1000 3 1000 12 1000 4 -1 -1 -1 -1 1001 6 -1 -1 -1 -1 1001 5 -1 -1
84 84 91 0 1000 1 1000 2 1000 3 1000 4 -1 -1 1001 5 -1 -1 -1 -1 1001 5 -1 -1 -1 -1 1001 5 -1 -1 -1 -1 1001 3 1000 3 1000 3 1000 3 1000 4 -1 -1 1001 6 -1 -1 -1 -1 1001 6 -1 -1 -1 -1 1001 9 -1 -1 -1 -1 1001 5 -1 -1 -1 -1 1002 3 1000 3 1000 8 1000 4 -1 -1 1001 5 -1 -1 -1 -1 1001 6 -1 -1 -1 -1 1001 6 -1 -1
85 85 131 0 1000 1 1000 2 1000 4 -1 -1 1001 5 -1 -1 -1 -1 1001 5 -1 -1 -1 -1 1001 12 1000 4 -1 -1 -1 -1 1002 0 1000 1 1000 3 1000 11 1000 8 1000 5 -1 -1 1001 5 -1 -1 -1 -1 1001 4 -1 -1 -1 -1 1001 9 -1 -1 -1 -1 1001 5 -1 -1 -1 -1 1001 12 1000 10 -1 -1 -1 -1 1002 0 1000 1 1000 3 1000 3 1000 3 1000 4 -1 -1 1001 5 -1 -1 -1 -1 1001 5 -1 -1 -1 -1 1001 5 -1 -1 -1 -1 1001 5 -1 -1 -1 -1 1001 8 1000 4 -1 -1 1001 5 -1 -1 -1 -1 1002 10 -1 -1 -1 -1
86 86 107 0 1000 1 1000 2 1000 3 1000 4 -1 -1 1001 6 -1 -1 -1 -1 1001 5 -1 -1 -1 -1 1001 5 -1 -1 -1 -1 1001 0 1000 1 1000 2 1000 4 -1 -1 1001 5 -1 -1 -1 -1 1001 5 -1 -1 -1 -1 1001 12 1000 3 1000 3 1000 4 -1 -1 1001 6 -1 -1 -1 -1 1001 9 -1 -1 -1 -1 -1 -1 1002 12 1000 4 -1 -1 -1 -1 -1 -1 1002 12 1000 3 1000 3 1000 4 -1 -1 1001 6 -1 -1 -1 -1 1001 9 -1 -1 -1 -1
87 87 123 0 1000 1 1000 2 1000 4 -1 -1 1001 5 -1 -1 -1 -1 1001 5 -1 -1 -1 -1 1001 4 -1 -1 1002 0 1000 1 1000 3 1000 3 1000 4 -1 -1 1001 6 -1 -1 -1 -1 1001 5 -1 -1 -1 -1 1001 5 -1 -1 -1 -1 1001 0 1000 1 1000 2 1000 3 1000 4 -1 -1 1001 5 -1 -1 -1 -1 1001 5 -1 -1 -1 -1 1001 5 -1 -1 -1 -1 1001 8 1000 8 1000 5 -1 -1 1001 5 -1 -1 -1 -1 1001 5 -1 -1 -1 -1 1002 10 -1 -1 -1 -1 1002 8 1000 4 -1 -1 1001 5 -1 -1 -1 -1
88 88 151 0 1000 1 1000 2 1000 4 -1 -1 1001 5 -1 -1 -1 -1 1001 5 -1 -1 -1 -1 1001 8 1000 3 1000 4 -1 -1 1001 5 -1 -1 -1 -1 1001 5 -1 -1 -1 -1 1002 0 1000 1 1000 3 1000 3 1000 12 1000 4 -1 -1 -1 -1 1001 6 -1 -1 -1 -1 1001 5 -1 -1 -1 -1 1001 5 -1 -1 -1 -1 1001 0 1000 1 1000 2 1000 3 1000 4 -1 -1 1001 6 -1 -1 -1 -1 1001 5 -1 -1 -1 -1 1001 5 -1 -1 -1 -1 1001 10 -1 -1 1002 3 1000 3 1000 4 -1 -1 1001 6 -1 -1 -1 -1 1001 6 -1 -1 -1 -1 -1 -1 1002 3 1000 3 1000 4 -1 -1 1001 6 -1 -1 -1 -1 1001 6 -1 -1 -1 -1
89 89 143 0 1000 1 1000 2 1000 3 1000 4 -1 -1 1001 6 -1 -1 -1 -1 1001 5 -1 -1 -1 -1 1001 5 -1 -1 -1 -1 1001 0 1000 1 1000 3 1000 3 1000 3 1000 4 -1 -1 1001 6 -1 -1 -1 -1 1001 5 -1 -1 -1 -1 1001 5 -1 -1 -1 -1 1001 5 -1 -1 -1 -1 1001 11 1000 4 -1 -1 1001 5 -1 -1 -1 -1 1002 0 1000 1 1000 2 1000 4 -1 -1 1001 5 -1 -1 -1 -1 1001 5 -1 -1 -1 -1 1001 8 1000 4 -1 -1 1001 5 -1 -1 -1 -1 1002 12 1000 8 1000 12 1000 4 -1 -1 -1 -1 1001 5 -1 -1 -1 -1 -1 -1 -1 -1 -1 -1 1002 12 1000 4 -1 -1
90 90 131 0 1000 1 1000 2 1000 4 -1 -1 1001 5 -1 -1 -1 -1 1001 5 -1 -1 -1 -1 1001 2 1000 3 1000 12 1000 10 -1 -1 -1 -1 1001 6 -1 -1 -1 -1 1001 4 -1 -1 -1 -1 1002 0 1000 1 1000 2 1000 3 1000 4 -1 -1 1001 5 -1 -1 -1 -1 1001 5 -1 -1 -1 -1 1001 5 -1 -1 -1 -1 1001 0 1000 1 1000 3 1000 4 -1 -1 1001 6 -1 -1 -1 -1 1001 5 -1 -1 -1 -1 1001 10 -1 -1 1002 2 1000 3 1000 12 1000 10 -1 -1 -1 -1 1001 6 -1 -1 -1 -1 1001 4 -1 -1 -1 -1 -1 -1 1002 10 -1 -1
91 91 83 0 1000 1 1000 2 1000 3 1000 4 -1 -1 1001 6 -1 -1 -1 -1 1001 5 -1 -1 -1 -1 1001 5 -1 -1 -1 -1 1001 3 1000 4 -1 -1 1001 6 -1 -1 -1 -1 1002 0 1000 1 1000 2 1000 4 -1 -1 1001 5 -1 -1 -1 -1 1001 5 -1 -1 -1 -1 1001 3 1000 4 -1 -1 1001 6 -1 -1 -1 -1 1002 12 1000 4 -1 -1 -1 -1
92 92 163 0 1000 1 1000 2 1000 7 1000 3 1000 4 -1 -1 1001 9 -1 -1 -1 -1 1001 4 -1 -1 -1 -1 1001 5 -1 -1 -1 -1 1001 5 -1 -1 -1 -1 1001 0 1000 1 1000 2 1000 3 1000 3 1000 4 -1 -1 1001 5 -1 -1 -1 -1 1001 5 -1 -1 -1 -1 1001 12 1000 4 -1 -1 -1 -1 -1 -1 1001 5 -1 -1 -1 -1 1001 0 1000 1 1000 3 1000 2 1000 3 1000 4 -1 -1 1001 5 -1 -1 -1 -1 1001 4 -1 -1 -1 -1 1001 5 -1 -1 -1 -1 1001 5 -1 -1 -1 -1 1001 12 1000 5 -1 -1 -1 -1 1002 12 1000 4 -1 -1 -1 -1 -1 -1 1002 12 1000 4 -1 -1 -1 -1 -1 -1 1002 11 1000 8 1000 4 -1 -1 1001 5 -1 -1 -1 -1 1001 4 -1 -1
93 93 139 0 1000 1 1000 2 1000 4 -1 -1 1001 5 -1 -1 -1 -1 1001 5 -1 -1 -1 -1 1001 0 1000 1 1000 2 1000 3 1000 4 -1 -1 1001 5 -1 -1 -1 -1 1001 5 -1 -1 -1 -1 1001 5 -1 -1 -1 -1 1001 11 1000 4 -1 -1 1001 5 -1 -1 -1 -1 1002 7 1000 8 1000 5 -1 -1 1001 5 -1 -1 -1 -1 1001 4 -1 -1 -1 -1 -1 -1 1002 0 1000 1 1000 2 1000 3 1000 4 -1 -1 1001 9 -1 -1 -1 -1 1001 5 -1 -1 -1 -1 1001 5 -1 -1 -1 -1 1001 8 1000 4 -1 -1 1001 5 -1 -1 -1 -1 1002 7 1000 4 -1 -1 1001 5 -1 -1 -1 -1
94 94 163 0 1000 1 1000 2 1000 3 1000 4 -1 -1 1001 9 -1 -1 -1 -1 1001 4 -1 -1 -1 -1 1001 5 -1 -1 -1 -1 1001 11 1000 4 -1 -1 1001 5 -1 -1 -1 -1 1002 0 1000 1 1000 2 1000 4 -1 -1 1001 5 -1 -1 -1 -1 1001 5 -1 -1 -1 -1 1001 12 1000 8 1000 12 1000 4 -1 -1 -1 -1 1001 5 -1 -1 -1 -1 -1 -1 1002 0 1000 1 1000 3 1000 3 1000 4 -1 -1 1001 9 -1 -1 -1 -1 1001 5 -1 -1 -1 -1 1001 5 -1 -1 -1 -1 1001 12 1000 8 1000 12 1000 4 -1 -1 -1 -1 1001 5 -1 -1 -1 -1 -1 -1 1002 8 1000 12 1000 8 1000 12 1000 4 -1 -1 -1 -1 1001 5 -1 -1 -1 -1 -1 -1 1001 5 -1 -1 -1 -1 -1 -1
95 95 199 0 1000 1 1000 2 1000 4 -1 -1 1001 5 -1 -1 -1 -1 1001 5 -1 -1 -1 -1 1001 0 1000 1 1000 12 1000 8 1000 3 1000 4 -1 -1 1001 5 -1 -1 -1 -1 1001 5 -1 -1 -1 -1 -1 -1 1001 5 -1 -1 -1 -1 1001 10 -1 -1 1002 0 1000 1 1000 4 -1 -1 1001 5 -1 -1 -1 -1 1001 7 1000 8 1000 4 -1 -1 1001 5 -1 -1 -1 -1 1001 4 -1 -1 -1 -1 1002 7 1000 8 1000 8 1000 3 1000 4 -1 -1 1001 5 -1 -1 -1 -1 1001 5 -1 -1 -1 -1 1001 5 -1 -1 -1 -1 1001 4 -1 -1 -1 -1 -1 -1 -1 -1 1002 0 1000 1 1000 3 1000 3 1000 12 1000 4 -1 -1 -1 -1 1001 6 -1 -1 -1 -1 1001 9 -1 -1 -1 -1 1001 5 -1 -1 -1 -1 1001 10 -1 -1 1002 3 1000 3 1000 3 1000 4 -1 -1 1001 6 -1 -1 -1 -1 1001 9 -1 -1 -1 -1 1001 5 -1 -1 -1 -1
96 96 187 0 1000 1 1000 2 1000 4 -1 -1 1001 5 -1 -1 -1 -1 1001 5 -1 -1 -1 -1 1001 12 1000 3 1000 4 -1 -1 1001 9 -1 -1 -1 -1 -1 -1 1002 0 1000 1 1000 3 1000 2 1000 3 1000 4 -1 -1 1001 5 -1 -1 -1 -1 1001 4 -1 -1 -1 -1 1001 5 -1 -1 -1 -1 1001 5 -1 -1 -1 -1 1001 12 1000 3 1000 4 -1 -1 1001 9 -1 -1 -1 -1 -1 -1 1002 0 1000 1 1000 2 1000 3 1000 4 -1 -1 1001 6 -1 -1 -1 -1 1001 5 -1 -1 -1 -1 1001 5 -1 -1 -1 -1 1001 10 -1 -1 1002 0 1000 1 1000 3 1000 4 -1 -1 1001 5 -1 -1 -1 -1 1001 5 -1 -1 -1 -1 1001 12 1000 3 1000 4 -1 -1 1001 9 -1 -1 -1 -1 -1 -1 1002 3 1000 3 1000 4 -1 -1 1001 6 -1 -1 -1 -1 1001 9 -1 -1 -1 -1 -1 -1 -1 -1
97 97 155 0 1000 1 1000 2 1000 4 -1 -1 1001 5 -1 -1 -1 -1 1001 5 -1 -1 -1 -1 1001 0 1000 1 1000 3 1000 2 1000 3 1000 4 -1 -1 1001 9 -1 -1 -1 -1 1001 4 -1 -1 -1 -1 1001 5 -1 -1 -1 -1 1001 5 -1 -1 -1 -1 1001 5 -1 -1 1002 7 1000 3 1000 4 -1 -1 1001 5 -1 -1 -1 -1 1001 5 -1 -1 -1 -1 -1 -1 1002 0 1000 1 1000 2 1000 3 1000 4 -1 -1 1001 6 -1 -1 -1 -1 1001 5 -1 -1 -1 -1 1001 5 -1 -1 -1 -1 1001 10 -1 -1 1002 3 1000 3 1000 3 1000 3 1000 4 -1 -1 1001 6 -1 -1 -1 -1 1001 9 -1 -1 -1 -1 1001 9 -1 -1 -1 -1 1001 5 -1 -1 -1 -1
98 98 37 0 1000 1 1000 2 1000 4 -1 -1 1001 5 -1 -1 -1 -1 1001 5 -1 -1 -1 -1 1001 12 1000 3 1000 4 -1 -1 1001 5 -1 -1 -1 -1 -1 -1
99 99 159 0 1000 1 1000 13 1000 4 -1 -1 1001 5 -1 -1 -1 -1 1001 5 -1 -1 -1 -1 1001 10 -1 -1 1002 0 1000 1 1000 2 1000 4 -1 -1 1001 5 -1 -1 -1 -1 1001 5 -1 -1 -1 -1 1001 12 1000 2 1000 8 1000 4 -1 -1 1001 5 -1 -1 -1 -1 1001 4 -1 -1 -1 -1 -1 -1 1002 0 1000 1 1000 12 1000 8 1000 7 1000 3 1000 4 -1 -1 1001 9 -1 -1 -1 -1 1001 4 -1 -1 -1 -1 1001 5 -1 -1 -1 -1 -1 -1 1001 5 -1 -1 -1 -1 1001 12 1000 2 1000 8 1000 4 -1 -1 1001 5 -1 -1 -1 -1 1001 4 -1 -1 -1 -1 -1 -1 1002 12 1000 8 1000 12 1000 4 -1 -1 -1 -1 1001 5 -1 -1 -1 -1 -1 -1 -1 -1
100 100 155 0 1000 1 1000 4 -1 -1 1001 5 -1 -1 -1 -1 1001 3 1000 4 -1 -1 1001 6 -1 -1 -1 -1 1002 0 1000 1 1000 2 1000 4 -1 -1 1001 5 -1 -1 -1 -1 1001 5 -1 -1 -1 -1 1001 12 1000 7 1000 8 1000 4 -1 -1 1001 5 -1 -1 -1 -1 1001 4 -1 -1 -1 -1 -1 -1 1002 0 1000 1 1000 2 1000 3 1000 4 -1 -1 1001 9 -1 -1 -1 -1 1001 5 -1 -1 -1 -1 1001 5 -1 -1 -1 -1 1001 12 1000 7 1000 8 1000 4 -1 -1 1001 5 -1 -1 -1 -1 1001 4 -1 -1 -1 -1 -1 -1 1002 3 1000 3 1000 8 1000 4 -1 -1 1001 5 -1 -1 -1 -1 1001 6 -1 -1 -1 -1 1001 5 -1 -1 -1 -1 -1 -1
101 101 43 0 1000 1 1000 2 1000 4 -1 -1 1001 5 -1 -1 -1 -1 1001 5 -1 -1 -1 -1 1001 4 -1 -1 1002 13 1000 3 1000 4 -1 -1 1001 9 -1 -1 -1 -1 1001 4 -1 -1
102 102 103 0 1000 1 1000 2 1000 4 -1 -1 1001 5 -1 -1 -1 -1 1001 5 -1 -1 -1 -1 1001 0 1000 1 1000 11 1000 8 1000 4 -1 -1 1001 5 -1 -1 -1 -1 1001 4 -1 -1 -1 -1 1001 5 -1 -1 -1 -1 1001 10 -1 -1 1002 8 1000 8 1000 3 1000 4 -1 -1 1001 5 -1 -1 -1 -1 1001 5 -1 -1 -1 -1 1001 5 -1 -1 -1 -1 -1 -1 1002 8 1000 7 1000 4 -1 -1 1001 5 -1 -1 -1 -1 1001 5 -1 -1
103 103 175 0 1000 1 1000 2 1000 3 1000 3 1000 4 -1 -1 1001 6 -1 -1 -1 -1 1001 5 -1 -1 -1 -1 1001 5 -1 -1 -1 -1 1001 5 -1 -1 -1 -1 1001 0 1000 1 1000 2 1000 3 1000 4 -1 -1 1001 6 -1 -1 -1 -1 1001 4 -1 -1 -1 -1 1001 5 -1 -1 -1 -1 1001 3 1000 8 1000 4 -1 -1 1001 5 -1 -1 -1 -1 1001 5 -1 -1 -1 -1 1002 0 1000 1 1000 3 1000 12 1000 4 -1 -1 -1 -1 1001 6 -1 -1 -1 -1 1001 5 -1 -1 -1 -1 1001 12 1000 10 -1 -1 -1 -1 1002 12 1000 3 1000 3 1000 4 -1 -1 1001 9 -1 -1 -1 -1 1001 5 -1 -1 -1 -1 -1 -1 -1 -1 -1 -1 1002 3 1000 8 1000 7 1000 4 -1 -1 1001 5 -1 -1 -1 -1 1001 5 -1 -1 -1 -1 1001 5 -1 -1
104 104 187 0 1000 1 1000 2 1000 3 1000 4 -1 -1 1001 5 -1 -1 -1 -1 1001 5 -1 -1 -1 -1 1001 5 -1 -1 -1 -1 1001 0 1000 1 1000 3 1000 3 1000 3 1000 3 1000 4 -1 -1 1001 6 -1 -1 -1 -1 1001 9 -1 -1 -1 -1 1001 5 -1 -1 -1 -1 1001 5 -1 -1 -1 -1 1001 5 -1 -1 -1 -1 1001 3 1000 12 1000 10 -1 -1 -1 -1 1001 6 -1 -1 -1 -1 1002 3 1000 12 1000 8 1000 11 1000 4 -1 -1 1001 5 -1 -1 -1 -1 1001 5 -1 -1 -1 -1 -1 -1 1001 6 -1 -1 -1 -1 -1 -1 1002 0 1000 1 1000 3 1000 3 1000 8 1000 4 -1 -1 1001 5 -1 -1 -1 -1 1001 9 -1 -1 -1 -1 1001 5 -1 -1 -1 -1 1001 5 -1 -1 -1 -1 1001 10 -1 -1 1002 3 1000 3 1000 4 -1 -1 1001 6 -1 -1 -1 -1 1001 5 -1 -1 -1 -1
105 105 99 0 1000 1 1000 2 1000 4 -1 -1 1001 5 -1 -1 -1 -1 1001 5 -1 -1 -1 -1 1001 5 -1 -1 1002 0 1000 1 1000 2 1000 3 1000 4 -1 -1 1001 9 -1 -1 -1 -1 1001 5 -1 -1 -1 -1 1001 5 -1 -1 -1 -1 1001 10 -1 -1 1002 0 1000 1 1000 3 1000 4 -1 -1 1001 6 -1 -1 -1 -1 1001 5 -1 -1 -1 -1 1001 10 -1 -1 1002 8 1000 4 -1 -1 1001 5 -1 -1 -1 -1 -1 -1
106 106 183 0 1000 1 1000 2 1000 4 -1 -1 1001 5 -1 -1 -1 -1 1001 5 -1 -1 -1 -1 1001 0 1000 1 1000 2 1000 3 1000 4 -1 -1 1001 9 -1 -1 -1 -1 1001 5 -1 -1 -1 -1 1001 5 -1 -1 -1 -1 1001 0 1000 1 1000 2 1000 3 1000 4 -1 -1 1001 9 -1 -1 -1 -1 1001 4 -1 -1 -1 -1 1001 5 -1 -1 -1 -1 1001 12 1000 10 -1 -1 -1 -1 1002 12 1000 8 1000 3 1000 4 -1 -1 1001 5 -1 -1 -1 -1 1001 5 -1 -1 -1 -1 -1 -1 -1 -1 1002 3 1000 3 1000 3 1000 2 1000 3 1000 3 1000 4 -1 -1 1001 9 -1 -1 -1 -1 1001 9 -1 -1 -1 -1 1001 4 -1 -1 -1 -1 1001 6 -1 -1 -1 -1 1001 9 -1 -1 -1 -1 1001 5 -1 -1 -1 -1 -1 -1 1002 12 1000 7 1000 4 -1 -1 1001 5 -1 -1 -1 -1
107 107 83 0 1000 1 1000 2 1000 3 1000 4 -1 -1 1001 9 -1 -1 -1 -1 1001 5 -1 -1 -1 -1 1001 5 -1 -1 -1 -1 1001 8 1000 3 1000 3 1000 4 -1 -1 1001 9 -1 -1 -1 -1 1001 5 -1 -1 -1 -1 1001 5 -1 -1 -1 -1 1002 11 1000 3 1000 3 1000 4 -1 -1 1001 6 -1 -1 -1 -1 1001 9 -1 -1 -1 -1 1001 4 -1 -1
108 108 49 0 1000 1 1000 2 1000 3 1000 3 1000 4 -1 -1 1001 6 -1 -1 -1 -1 1001 9 -1 -1 -1 -1 1001 5 -1 -1 -1 -1 1001 5 -1 -1 -1 -1 1001 8 1000 4 -1 -1 1001 5 -1 -1 -1 -1
109 109 183 0 1000 1 1000 2 1000 3 1000 4 -1 -1 1001 5 -1 -1 -1 -1 1001 5 -1 -1 -1 -1 1001 5 -1 -1 -1 -1 1001 0 1000 1 1000 12 1000 8 1000 4 -1 -1 1001 5 -1 -1 -1 -1 -1 -1 1001 5 -1 -1 -1 -1 1001 0 1000 1 1000 12 1000 8 1000 3 1000 4 -1 -1 1001 5 -1 -1 -1 -1 1001 5 -1 -1 -1 -1 -1 -1 1001 5 -1 -1 -1 -1 1001 8 1000 5 -1 -1 1001 5 -1 -1 -1 -1 1002 11 1000 4 -1 -1 1001 5 -1 -1 -1 -1 -1 -1 1002 11 1000 4 -1 -1 1001 5 -1 -1 -1 -1 -1 -1 1002 0 1000 1 1000 3 1000 3 1000 8 1000 4 -1 -1 1001 5 -1 -1 -1 -1 1001 9 -1 -1 -1 -1 1001 5 -1 -1 -1 -1 1001 5 -1 -1 -1 -1 1001 5 -1 -1 1002 7 1000 4 -1 -1 1001 5 -1 -1 -1 -1
110 110 127 0 1000 1 1000 12 1000 4 -1 -1 -1 -1 1001 5 -1 -1 -1 -1 1001 8 1000 4 -1 -1 1001 5 -1 -1 -1 -1 1002 0 1000 1 1000 2 1000 4 -1 -1 1001 5 -1 -1 -1 -1 1001 5 -1 -1 -1 -1 1001 8 1000 3 1000 4 -1 -1 1001 5 -1 -1 -1 -1 1001 5 -1 -1 -1 -1 1002 0 1000 1 1000 7 1000 4 -1 -1 1001 5 -1 -1 -1 -1 1001 5 -1 -1 -1 -1 1001 5 -1 -1 1002 8 1000 13 1000 3 1000 4 -1 -1 1001 9 -1 -1 -1 -1 1001 4 -1 -1 -1 -1 1001 5 -1 -1 -1 -1 -1 -1
111 111 175 0 1000 1 1000 2 1000 3 1000 3 1000 4 -1 -1 1001 6 -1 -1 -1 -1 1001 9 -1 -1 -1 -1 1001 5 -1 -1 -1 -1 1001 5 -1 -1 -1 -1 1001 3 1000 4 -1 -1 1001 9 -1 -1 -1 -1 1002 0 1000 1 1000 3 1000 3 1000 3 1000 8 1000 4 -1 -1 1001 5 -1 -1 -1 -1 1001 6 -1 -1 -1 -1 1001 9 -1 -1 -1 -1 1001 9 -1 -1 -1 -1 1001 5 -1 -1 -1 -1 1001 5 -1 -1 1002 0 1000 1 1000 2 1000 4 -1 -1 1001 5 -1 -1 -1 -1 1001 5 -1 -1 -1 -1 1001 0 1000 1 1000 2 1000 3 1000 4 -1 -1 1001 5 -1 -1 -1 -1 1001 4 -1 -1 -1 -1 1001 5 -1 -1 -1 -1 1001 3 1000 4 -1 -1 1001 9 -1 -1 -1 -1 1002 5 -1 -1 -1 -1 1002 10 -1 -1 -1 -1
112 112 203 0 1000 1 1000 3 1000 3 1000 4 -1 -1 1001 6 -1 -1 -1 -1 1001 9 -1 -1 -1 -1 1001 5 -1 -1 -1 -1 1001 0 1000 1 1000 2 1000 3 1000 4 -1 -1 1001 5 -1 -1 -1 -1 1001 5 -1 -1 -1 -1 1001 5 -1 -1 -1 -1 1001 10 -1 -1 1002 12 1000 5 -1 -1 -1 -1 -1 -1 1002 0 1000 1 1000 2 1000 3 1000 4 -1 -1 1001 5 -1 -1 -1 -1 1001 5 -1 -1 -1 -1 1001 5 -1 -1 -1 -1 1001 3 1000 11 1000 3 1000 4 -1 -1 1001 6 -1 -1 -1 -1 1001 5 -1 -1 -1 -1 1001 5 -1 -1 -1 -1 1002 0 1000 1 1000 12 1000 11 1000 4 -1 -1 1001 5 -1 -1 -1 -1 -1 -1 1001 5 -1 -1 -1 -1 1001 3 1000 11 1000 3 1000 4 -1 -1 1001 6 -1 -1 -1 -1 1001 5 -1 -1 -1 -1 1001 5 -1 -1 -1 -1 1002 12 1000 13 1000 4 -1 -1 1001 5 -1 -1 -1 -1 -1 -1 -1 -1
113 113 179 0 1000 1 1000 2 1000 4 -1 -1 1001 5 -1 -1 -1 -1 1001 5 -1 -1 -1 -1 1001 0 1000 1 1000 2 1000 3 1000 3 1000 4 -1 -1 1001 6 -1 -1 -1 -1 1001 5 -1 -1 -1 -1 1001 5 -1 -1 -1 -1 1001 5 -1 -1 -1 -1 1001 0 1000 1 1000 12 1000 8 1000 3 1000 4 -1 -1 1001 5 -1 -1 -1 -1 1001 5 -1 -1 -1 -1 -1 -1 1001 5 -1 -1 -1 -1 1001 4 -1 -1 1002 5 -1 -1 -1 -1 1002 4 -1 -1 -1 -1 1002 0 1000 1 1000 2 1000 3 1000 3 1000 4 -1 -1 1001 6 -1 -1 -1 -1 1001 5 -1 -1 -1 -1 1001 5 -1 -1 -1 -1 1001 5 -1 -1 -1 -1 1001 13 1000 3 1000 3 1000 4 -1 -1 1001 6 -1 -1 -1 -1 1001 9 -1 -1 -1 -1 1001 4 -1 -1 -1 -1 1002 10 -1 -1
114 114 175 0 1000 1 1000 4 -1 -1 1001 5 -1 -1 -1 -1 1001 7 1000 8 1000 7 1000 4 -1 -1 1001 5 -1 -1 -1 -1 1001 5 -1 -1 -1 -1 1001 4 -1 -1 -1 -1 1002 0 1000 1 1000 3 1000 3 1000 4 -1 -1 1001 6 -1 -1 -1 -1 1001 6 -1 -1 -1 -1 1001 5 -1 -1 -1 -1 1001 7 1000 8 1000 13 1000 4 -1 -1 1001 5 -1 -1 -1 -1 1001 5 -1 -1 -1 -1 1001 4 -1 -1 -1 -1 1002 0 1000 1 1000 2 1000 4 -1 -1 1001 5 -1 -1 -1 -1 1001 5 -1 -1 -1 -1 1001 7 1000 8 1000 8 1000 3 1000 4 -1 -1 1001 5 -1 -1 -1 -1 1001 5 -1 -1 -1 -1 1001 5 -1 -1 -1 -1 1001 4 -1 -1 -1 -1 1002 3 1000 12 1000 4 -1 -1 -1 -1 1001 6 -1 -1 -1 -1 -1 -1
115 115 109 0 1000 1 1000 2 1000 4 -1 -1 1001 5 -1 -1 -1 -1 1001 5 -1 -1 -1 -1 1001 0 1000 1 1000 2 1000 3 1000 3 1000 4 -1 -1 1001 6 -1 -1 -1 -1 1001 5 -1 -1 -1 -1 1001 5 -1 -1 -1 -1 1001 5 -1 -1 -1 -1 1001 0 1000 1 1000 12 1000 8 1000 3 1000 4 -1 -1 1001 5 -1 -1 -1 -1 1001 5 -1 -1 -1 -1 -1 -1 1001 5 -1 -1 -1 -1 1001 10 -1 -1 1002 5 -1 -1 -1 -1 1002 10 -1 -1 -1 -1
116 116 167 0 1000 1 1000 2 1000 4 -1 -1 1001 5 -1 -1 -1 -1 1001 5 -1 -1 -1 -1 1001 0 1000 1 1000 3 1000 3 1000 4 -1 -1 1001 6 -1 -1 -1 -1 1001 9 -1 -1 -1 -1 1001 5 -1 -1 -1 -1 1001 10 -1 -1 1002 8 1000 3 1000 3 1000 4 -1 -1 1001 9 -1 -1 -1 -1 1001 9 -1 -1 -1 -1 1001 5 -1 -1 -1 -1 -1 -1 1002 0 1000 1 1000 12 1000 13 1000 8 1000 4 -1 -1 1001 5 -1 -1 -1 -1 1001 4 -1 -1 -1 -1 -1 -1 1001 5 -1 -1 -1 -1 1001 11 1000 3 1000 12 1000 10 -1 -1 -1 -1 1001 6 -1 -1 -1 -1 1001 4 -1 -1 -1 -1 1002 11 1000 3 1000 12 1000 4 -1 -1 -1 -1 1001 6 -1 -1 -1 -1 1001 4 -1 -1 -1 -1
117 117 171 0 1000 1 1000 3 1000 8 1000 4 -1 -1 1001 5 -1 -1 -1 -1 1001 9 -1 -1 -1 -1 1001 5 -1 -1 -1 -1 1001 3 1000 8 1000 3 1000 12 1000 4 -1 -1 -1 -1 1001 6 -1 -1 -1 -1 1001 5 -1 -1 -1 -1 1001 6 -1 -1 -1 -1 1002 0 1000 1 1000 2 1000 4 -1 -1 1001 5 -1 -1 -1 -1 1001 5 -1 -1 -1 -1 1001 0 1000 1 1000 3 1000 8 1000 4 -1 -1 1001 5 -1 -1 -1 -1 1001 6 -1 -1 -1 -1 1001 5 -1 -1 -1 -1 1001 5 -1 -1 1002 13 1000 3 1000 4 -1 -1 1001 6 -1 -1 -1 -1 1001 5 -1 -1 -1 -1 -1 -1 1002 3 1000 8 1000 3 1000 12 1000 4 -1 -1 -1 -1 1001 6 -1 -1 -1 -1 1001 5 -1 -1 -1 -1 1001 6 -1 -1 -1 -1
118 118 71 0 1000 1 1000 2 1000 4 -1 -1 1001 5 -1 -1 -1 -1 1001 5 -1 -1 -1 -1 1001 8 1000 12 1000 8 1000 3 1000 4 -1 -1 1001 5 -1 -1 -1 -1 1001 5 -1 -1 -1 -1 -1 -1 1001 5 -1 -1 -1 -1 1002 12 1000 8 1000 12 1000 4 -1 -1 -1 -1 1001 5 -1 -1 -1 -1
119 119 203 0 1000 1 1000 2 1000 4 -1 -1 1001 5 -1 -1 -1 -1 1001 5 -1 -1 -1 -1 1001 0 1000 1 1000 2 1000 3 1000 4 -1 -1 1001 9 -1 -1 -1 -1 1001 5 -1 -1 -1 -1 1001 5 -1 -1 -1 -1 1001 0 1000 1 1000 3 1000 3 1000 4 -1 -1 1001 9 -1 -1 -1 -1 1001 5 -1 -1 -1 -1 1001 5 -1 -1 -1 -1 1001 12 1000 4 -1 -1 -1 -1 1002 12 1000 8 1000 3 1000 4 -1 -1 1001 5 -1 -1 -1 -1 1001 5 -1 -1 -1 -1 -1 -1 -1 -1 1002 0 1000 1 1000 3 1000 4 -1 -1 1001 6 -1 -1 -1 -1 1001 5 -1 -1 -1 -1 1001 12 1000 3 1000 12 1000 10 -1 -1 -1 -1 1001 9 -1 -1 -1 -1 -1 -1 1002 12 1000 3 1000 12 1000 4 -1 -1 -1 -1 1001 9 -1 -1 -1 -1 -1 -1 -1 -1 -1 -1 1002 12 1000 8 1000 3 1000 4 -1 -1 1001 5 -1 -1 -1 -1 1001 5 -1 -1 -1 -1
120 120 139 0 1000 1 1000 2 1000 3 1000 4 -1 -1 1001 9 -1 -1 -1 -1 1001 5 -1 -1 -1 -1 1001 5 -1 -1 -1 -1 1001 3 1000 3 1000 12 1000 8 1000 4 -1 -1 1001 5 -1 -1 -1 -1 -1 -1 1001 6 -1 -1 -1 -1 1001 5 -1 -1 -1 -1 1002 0 1000 1 1000 2 1000 4 -1 -1 1001 5 -1 -1 -1 -1 1001 5 -1 -1 -1 -1 1001 3 1000 3 1000 12 1000 8 1000 4 -1 -1 1001 5 -1 -1 -1 -1 -1 -1 1001 6 -1 -1 -1 -1 1001 5 -1 -1 -1 -1 1002 3 1000 3 1000 12 1000 10 -1 -1 -1 -1 1001 6 -1 -1 -1 -1 1001 5 -1 -1 -1 -1
121 121 59 0 1000 1 1000 2 1000 3 1000 4 -1 -1 1001 9 -1 -1 -1 -1 1001 5 -1 -1 -1 -1 1001 5 -1 -1 -1 -1 1001 13 1000 8 1000 5 -1 -1 1001 5 -1 -1 -1 -1 1001 4 -1 -1 -1 -1 1002 8 1000 5 -1 -1 1001 5 -1 -1
122 122 49 0 1000 1 1000 2 1000 4 -1 -1 1001 5 -1 -1 -1 -1 1001 5 -1 -1 -1 -1 1001 11 1000 8 1000 8 1000 4 -1 -1 1001 5 -1 -1 -1 -1 1001 5 -1 -1 -1 -1 1001 4 -1 -1 -1 -1
123 123 107 0 1000 1 1000 2 1000 4 -1 -1 1001 5 -1 -1 -1 -1 1001 5 -1 -1 -1 -1 1001 12 1000 7 1000 3 1000 4 -1 -1 1001 9 -1 -1 -1 -1 1001 4 -1 -1 -1 -1 -1 -1 1002 0 1000 1 1000 2 1000 3 1000 4 -1 -1 1001 5 -1 -1 -1 -1 1001 5 -1 -1 -1 -1 1001 5 -1 -1 -1 -1 1001 12 1000 4 -1 -1 -1 -1 1002 12 1000 11 1000 3 1000 4 -1 -1 1001 5 -1 -1 -1 -1 1001 4 -1 -1 -1 -1 -1 -1
124 124 199 0 1000 1 1000 2 1000 4 -1 -1 1001 5 -1 -1 -1 -1 1001 5 -1 -1 -1 -1 1001 0 1000 1 1000 3 1000 4 -1 -1 1001 5 -1 -1 -1 -1 1001 5 -1 -1 -1 -1 1001 8 1000 5 -1 -1 1001 5 -1 -1 -1 -1 1002 0 1000 1 1000 2 1000 3 1000 4 -1 -1 1001 6 -1 -1 -1 -1 1001 5 -1 -1 -1 -1 1001 5 -1 -1 -1 -1 1001 0 1000 1 1000 2 1000 3 1000 3 1000 4 -1 -1 1001 5 -1 -1 -1 -1 1001 5 -1 -1 -1 -1 1001 5 -1 -1 -1 -1 1001 5 -1 -1 -1 -1 1001 3 1000 3 1000 4 -1 -1 1001 6 -1 -1 -1 -1 1001 9 -1 -1 -1 -1 1002 8 1000 3 1000 4 -1 -1 1001 5 -1 -1 -1 -1 1001 5 -1 -1 -1 -1 -1 -1 1002 3 1000 3 1000 4 -1 -1 1001 6 -1 -1 -1 -1 1001 9 -1 -1 -1 -1 -1 -1 -1 -1 1002 7 1000 4 -1 -1 1001 5 -1 -1
125 125 103 0 1000 1 1000 12 1000 8 1000 4 -1 -1 1001 5 -1 -1 -1 -1 -1 -1 1001 5 -1 -1 -1 -1 1001 0 1000 1 1000 12 1000 8 1000 3 1000 4 -1 -1 1001 5 -1 -1 -1 -1 1001 5 -1 -1 -1 -1 -1 -1 1001 5 -1 -1 -1 -1 1001 3 1000 3 1000 4 -1 -1 1001 6 -1 -1 -1 -1 1001 5 -1 -1 -1 -1 1002 3 1000 4 -1 -1 1001 6 -1 -1 -1 -1 -1 -1 1002 3 1000 4 -1 -1 1001 6 -1 -1
126 126 99 0 1000 1 1000 2 1000 3 1000 4 -1 -1 1001 6 -1 -1 -1 -1 1001 5 -1 -1 -1 -1 1001 5 -1 -1 -1 -1 1001 0 1000 1 1000 2 1000 4 -1 -1 1001 5 -1 -1 -1 -1 1001 5 -1 -1 -1 -1 1001 12 1000 10 -1 -1 -1 -1 1002 8 1000 11 1000 4 -1 -1 1001 5 -1 -1 -1 -1 1001 5 -1 -1 -1 -1 -1 -1 1002 8 1000 11 1000 4 -1 -1 1001 5 -1 -1 -1 -1 1001 5 -1 -1
127 127 119 0 1000 1 1000 2 1000 4 -1 -1 1001 5 -1 -1 -1 -1 1001 5 -1 -1 -1 -1 1001 0 1000 1 1000 3 1000 8 1000 4 -1 -1 1001 5 -1 -1 -1 -1 1001 6 -1 -1 -1 -1 1001 5 -1 -1 -1 -1 1001 7 1000 3 1000 8 1000 4 -1 -1 1001 5 -1 -1 -1 -1 1001 9 -1 -1 -1 -1 1001 4 -1 -1 -1 -1 1002 7 1000 3 1000 4 -1 -1 1001 9 -1 -1 -1 -1 1001 4 -1 -1 -1 -1 -1 -1 1002 7 1000 3 1000 4 -1 -1 1001 9 -1 -1 -1 -1 1001 5 -1 -1
128 128 187 0 1000 1 1000 2 1000 3 1000 8 1000 4 -1 -1 1001 5 -1 -1 -1 -1 1001 6 -1 -1 -1 -1 1001 5 -1 -1 -1 -1 1001 5 -1 -1 -1 -1 1001 0 1000 1 1000 3 1000 8 1000 4 -1 -1 1001 5 -1 -1 -1 -1 1001 6 -1 -1 -1 -1 1001 5 -1 -1 -1 -1 1001 3 1000 13 1000 11 1000 8 1000 4 -1 -1 1001 5 -1 -1 -1 -1 1001 4 -1 -1 -1 -1 1001 4 -1 -1 -1 -1 1001 9 -1 -1 -1 -1 1002 3 1000 13 1000 8 1000 4 -1 -1 1001 5 -1 -1 -1 -1 1001 4 -1 -1 -1 -1 1001 9 -1 -1 -1 -1 -1 -1 1002 0 1000 1 1000 3 1000 3 1000 4 -1 -1 1001 6 -1 -1 -1 -1 1001 5 -1 -1 -1 -1 1001 5 -1 -1 -1 -1 1001 8 1000 4 -1 -1 1001 5 -1 -1 -1 -1 1002 11 1000 4 -1 -1 1001 5 -1 -1 -1 -1
129 129 47 0 1000 1 1000 2 1000 4 -1 -1 1001 5 -1 -1 -1 -1 1001 5 -1 -1 -1 -1 1001 12 1000 4 -1 -1 -1 -1 1002 13 1000 8 1000 5 -1 -1 1001 5 -1 -1 -1 -1 1001 4 -1 -1
130 130 87 0 1000 1 1000 3 1000 4 -1 -1 1001 6 -1 -1 -1 -1 1001 5 -1 -1 -1 -1 1001 7 1000 8 1000 4 -1 -1 1001 5 -1 -1 -1 -1 1001 4 -1 -1 -1 -1 1002 0 1000 1 1000 2 1000 4 -1 -1 1001 5 -1 -1 -1 -1 1001 5 -1 -1 -1 -1 1001 7 1000 8 1000 5 -1 -1 1001 5 -1 -1 -1 -1 1001 4 -1 -1 -1 -1 1002 4 -1 -1
131 131 143 0 1000 1 1000 2 1000 4 -1 -1 1001 5 -1 -1 -1 -1 1001 5 -1 -1 -1 -1 1001 0 1000 1 1000 3 1000 3 1000 12 1000 4 -1 -1 -1 -1 1001 5 -1 -1 -1 -1 1001 5 -1 -1 -1 -1 1001 5 -1 -1 -1 -1 1001 0 1000 1 1000 2 1000 3 1000 4 -1 -1 1001 5 -1 -1 -1 -1 1001 5 -1 -1 -1 -1 1001 5 -1 -1 -1 -1 1001 4 -1 -1 1002 2 1000 8 1000 4 -1 -1 1001 5 -1 -1 -1 -1 1001 4 -1 -1 -1 -1 -1 -1 1002 2 1000 8 1000 4 -1 -1 1001 5 -1 -1 -1 -1 1001 4 -1 -1 -1 -1 -1 -1 1002 8 1000 4 -1 -1 1001 5 -1 -1
132 132 135 0 1000 1 1000 2 1000 4 -1 -1 1001 5 -1 -1 -1 -1 1001 5 -1 -1 -1 -1 1001 3 1000 3 1000 3 1000 4 -1 -1 1001 6 -1 -1 -1 -1 1001 9 -1 -1 -1 -1 1001 5 -1 -1 -1 -1 1002 0 1000 1 1000 3 1000 12 1000 8 1000 4 -1 -1 1001 5 -1 -1 -1 -1 -1 -1 1001 5 -1 -1 -1 -1 1001 5 -1 -1 -1 -1 1001 0 1000 1 1000 12 1000 4 -1 -1 -1 -1 1001 5 -1 -1 -1 -1 1001 12 1000 4 -1 -1 -1 -1 1002 11 1000 12 1000 10 -1 -1 -1 -1 1001 4 -1 -1 -1 -1 -1 -1 1002 12 1000 4 -1 -1 -1 -1
133 133 103 0 1000 1 1000 2 1000 4 -1 -1 1001 5 -1 -1 -1 -1 1001 5 -1 -1 -1 -1 1001 0 1000 1 1000 3 1000 4 -1 -1 1001 6 -1 -1 -1 -1 1001 5 -1 -1 -1 -1 1001 10 -1 -1 1002 0 1000 1 1000 3 1000 12 1000 4 -1 -1 -1 -1 1001 6 -1 -1 -1 -1 1001 5 -1 -1 -1 -1 1001 10 -1 -1 1002 3 1000 4 -1 -1 1001 5 -1 -1 -1 -1 -1 -1 -1 -1 1002 8 1000 4 -1 -1 1001 5 -1 -1
134 134 107 0 1000 1 1000 2 1000 3 1000 4 -1 -1 1001 6 -1 -1 -1 -1 1001 5 -1 -1 -1 -1 1001 5 -1 -1 -1 -1 1001 0 1000 1 1000 2 1000 3 1000 4 -1 -1 1001 6 -1 -1 -1 -1 1001 4 -1 -1 -1 -1 1001 5 -1 -1 -1 -1 1001 5 -1 -1 1002 11 1000 3 1000 8 1000 4 -1 -1 1001 5 -1 -1 -1 -1 1001 9 -1 -1 -1 -1 1001 5 -1 -1 -1 -1 -1 -1 1002 7 1000 12 1000 5 -1 -1 -1 -1 1001 4 -1 -1
135 135 51 0 1000 1 1000 2 1000 4 -1 -1 1001 5 -1 -1 -1 -1 1001 5 -1 -1 -1 -1 1001 8 1000 11 1000 4 -1 -1 1001 5 -1 -1 -1 -1 1001 5 -1 -1 -1 -1 1002 3 1000 4 -1 -1 1001 6 -1 -1
136 136 151 0 1000 1 1000 2 1000 3 1000 8 1000 4 -1 -1 1001 5 -1 -1 -1 -1 1001 9 -1 -1 -1 -1 1001 5 -1 -1 -1 -1 1001 5 -1 -1 -1 -1 1001 0 1000 1 1000 3 1000 3 1000 4 -1 -1 1001 6 -1 -1 -1 -1 1001 9 -1 -1 -1 -1 1001 5 -1 -1 -1 -1 1001 10 -1 -1 1002 3 1000 11 1000 4 -1 -1 1001 5 -1 -1 -1 -1 1001 6 -1 -1 -1 -1 -1 -1 1002 0 1000 1 1000 3 1000 4 -1 -1 1001 5 -1 -1 -1 -1 1001 5 -1 -1 -1 -1 1001 3 1000 12 1000 10 -1 -1 -1 -1 1001 9 -1 -1 -1 -1 1002 7 1000 3 1000 4 -1 -1 1001 9 -1 -1 -1 -1 1001 4 -1 -1 -1 -1
137 137 5 3 1000 4 -1 -1
138 138 85 0 1000 1 1000 2 1000 4 -1 -1 1001 5 -1 -1 -1 -1 1001 5 -1 -1 -1 -1 1001 0 1000 1 1000 3 1000 11 1000 4 -1 -1 1001 5 -1 -1 -1 -1 1001 6 -1 -1 -1 -1 1001 5 -1 -1 -1 -1 1001 3 1000 12 1000 10 -1 -1 -1 -1 1001 6 -1 -1 -1 -1 1002 3 1000 12 1000 4 -1 -1 -1 -1 1001 6 -1 -1 -1 -1 -1 -1
139 139 139 0 1000 1 1000 2 1000 4 -1 -1 1001 5 -1 -1 -1 -1 1001 5 -1 -1 -1 -1 1001 0 1000 1 1000 3 1000 3 1000 8 1000 4 -1 -1 1001 5 -1 -1 -1 -1 1001 5 -1 -1 -1 -1 1001 5 -1 -1 -1 -1 1001 5 -1 -1 -1 -1 1001 10 -1 -1 1002 3 1000 3 1000 3 1000 11 1000 4 -1 -1 1001 5 -1 -1 -1 -1 1001 6 -1 -1 -1 -1 1001 9 -1 -1 -1 -1 1001 9 -1 -1 -1 -1 -1 -1 1002 0 1000 1 1000 11 1000 3 1000 4 -1 -1 1001 6 -1 -1 -1 -1 1001 4 -1 -1 -1 -1 1001 5 -1 -1 -1 -1 1001 4 -1 -1 1002 10 -1 -1
140 140 163 0 1000 1 1000 2 1000 3 1000 3 1000 4 -1 -1 1001 9 -1 -1 -1 -1 1001 5 -1 -1 -1 -1 1001 5 -1 -1 -1 -1 1001 5 -1 -1 -1 -1 1001 0 1000 1 1000 11 1000 3 1000 4 -1 -1 1001 9 -1 -1 -1 -1 1001 4 -1 -1 -1 -1 1001 5 -1 -1 -1 -1 1001 7 1000 8 1000 8 1000 5 -1 -1 1001 5 -1 -1 -1 -1 1001 5 -1 -1 -1 -1 1001 4 -1 -1 -1 -1 1002 12 1000 8 1000 12 1000 4 -1 -1 -1 -1 1001 5 -1 -1 -1 -1 -1 -1 -1 -1 1002 0 1000 1 1000 4 -1 -1 1001 5 -1 -1 -1 -1 1001 5 -1 -1 1002 13 1000 8 1000 8 1000 5 -1 -1 1001 5 -1 -1 -1 -1 1001 5 -1 -1 -1 -1 1001 4 -1 -1 -1 -1
141 141 191 0 1000 1 1000 4 -1 -1 1001 5 -1 -1 -1 -1 1001 7 1000 3 1000 4 -1 -1 1001 5 -1 -1 -1 -1 1001 5 -1 -1 -1 -1 1002 0 1000 1 1000 2 1000 4 -1 -1 1001 5 -1 -1 -1 -1 1001 5 -1 -1 -1 -1 1001 0 1000 1 1000 2 1000 3 1000 4 -1 -1 1001 5 -1 -1 -1 -1 1001 5 -1 -1 -1 -1 1001 5 -1 -1 -1 -1 1001 10 -1 -1 1002 2 1000 8 1000 3 1000 4 -1 -1 1001 9 -1 -1 -1 -1 1001 5 -1 -1 -1 -1 1001 4 -1 -1 -1 -1 -1 -1 1002 0 1000 1 1000 7 1000 4 -1 -1 1001 5 -1 -1 -1 -1 1001 5 -1 -1 -1 -1 1001 2 1000 8 1000 3 1000 4 -1 -1 1001 9 -1 -1 -1 -1 1001 5 -1 -1 -1 -1 1001 4 -1 -1 -1 -1 1002 11 1000 3 1000 4 -1 -1 1001 5 -1 -1 -1 -1 1001 5 -1 -1 -1 -1 -1 -1
142 142 51 0 1000 1 1000 2 1000 4 -1 -1 1001 5 -1 -1 -1 -1 1001 5 -1 -1 -1 -1 1001 3 1000 4 -1 -1 1001 6 -1 -1 -1 -1 1002 8 1000 7 1000 4 -1 -1 1001 5 -1 -1 -1 -1 1001 5 -1 -1
143 143 87 0 1000 1 1000 2 1000 4 -1 -1 1001 5 -1 -1 -1 -1 1001 5 -1 -1 -1 -1 1001 0 1000 1 1000 2 1000 3 1000 4 -1 -1 1001 5 -1 -1 -1 -1 1001 5 -1 -1 -1 -1 1001 5 -1 -1 -1 -1 1001 8 1000 4 -1 -1 1001 5 -1 -1 -1 -1 1002 3 1000 4 -1 -1 1001 6 -1 -1 -1 -1 -1 -1 1002 3 1000 4 -1 -1 1001 6 -1 -1
144 144 139 0 1000 1 1000 2 1000 4 -1 -1 1001 5 -1 -1 -1 -1 1001 5 -1 -1 -1 -1 1001 8 1000 3 1000 4 -1 -1 1001 5 -1 -1 -1 -1 1001 5 -1 -1 -1 -1 1002 0 1000 1 1000 3 1000 3 1000 12 1000 4 -1 -1 -1 -1 1001 6 -1 -1 -1 -1 1001 5 -1 -1 -1 -1 1001 5 -1 -1 -1 -1 1001 12 1000 3 1000 3 1000 4 -1 -1 1001 9 -1 -1 -1 -1 1001 9 -1 -1 -1 -1 -1 -1 1002 12 1000 3 1000 3 1000 7 1000 3 1000 4 -1 -1 1001 5 -1 -1 -1 -1 1001 4 -1 -1 -1 -1 1001 9 -1 -1 -1 -1 1001 9 -1 -1 -1 -1 -1 -1
145 145 67 0 1000 1 1000 2 1000 4 -1 -1 1001 5 -1 -1 -1 -1 1001 5 -1 -1 -1 -1 1001 3 1000 3 1000 4 -1 -1 1001 9 -1 -1 -1 -1 1001 9 -1 -1 -1 -1 1002 11 1000 3 1000 3 1000 4 -1 -1 1001 6 -1 -1 -1 -1 1001 6 -1 -1 -1 -1 1001 4 -1 -1
146 146 55 0 1000 1 1000 2 1000 4 -1 -1 1001 5 -1 -1 -1 -1 1001 5 -1 -1 -1 -1 1001 11 1000 8 1000 5 -1 -1 1001 5 -1 -1 -1 -1 1001 4 -1 -1 -1 -1 1002 3 1000 12 1000 4 -1 -1 -1 -1 1001 9 -1 -1
147 147 75 0 1000 1 1000 2 1000 3 1000 8 1000 4 -1 -1 1001 5 -1 -1 -1 -1 1001 9 -1 -1 -1 -1 1001 4 -1 -1 -1 -1 1001 5 -1 -1 -1 -1 1001 12 1000 10 -1 -1 -1 -1 1002 12 1000 8 1000 3 1000 3 1000 4 -1 -1 1001 5 -1 -1 -1 -1 1001 5 -1 -1 -1 -1 1001 5 -1 -1 -1 -1
148 148 91 0 1000 1 1000 4 -1 -1 1001 5 -1 -1 -1 -1 1001 3 1000 12 1000 10 -1 -1 -1 -1 1001 9 -1 -1 -1 -1 1002 0 1000 1 1000 2 1000 3 1000 4 -1 -1 1001 6 -1 -1 -1 -1 1001 5 -1 -1 -1 -1 1001 5 -1 -1 -1 -1 1001 3 1000 4 -1 -1 1001 6 -1 -1 -1 -1 1002 7 1000 3 1000 4 -1 -1 1001 9 -1 -1 -1 -1 1001 4 -1 -1 -1 -1
149 149 151 0 1000 1 1000 2 1000 3 1000 4 -1 -1 1001 6 -1 -1 -1 -1 1001 5 -1 -1 -1 -1 1001 5 -1 -1 -1 -1 1001 0 1000 1 1000 3 1000 3 1000 4 -1 -1 1001 6 -1 -1 -1 -1 1001 5 -1 -1 -1 -1 1001 5 -1 -1 -1 -1 1001 12 1000 10 -1 -1 -1 -1 1002 0 1000 1 1000 2 1000 4 -1 -1 1001 5 -1 -1 -1 -1 1001 5 -1 -1 -1 -1 1001 12 1000 8 1000 3 1000 4 -1 -1 1001 5 -1 -1 -1 -1 1001 5 -1 -1 -1 -1 -1 -1 1002 12 1000 7 1000 4 -1 -1 1001 5 -1 -1 -1 -1 -1 -1 -1 -1 -1 -1 1002 8 1000 3 1000 4 -1 -1 1001 5 -1 -1 -1 -1 1001 5 -1 -1
150 150 139 0 1000 1 1000 2 1000 3 1000 4 -1 -1 1001 5 -1 -1 -1 -1 1001 5 -1 -1 -1 -1 1001 5 -1 -1 -1 -1 1001 0 1000 1 1000 2 1000 4 -1 -1 1001 5 -1 -1 -1 -1 1001 5 -1 -1 -1 -1 1001 4 -1 -1 1002 13 1000 3 1000 3 1000 4 -1 -1 1001 6 -1 -1 -1 -1 1001 9 -1 -1 -1 -1 1001 4 -1 -1 -1 -1 -1 -1 1002 0 1000 1 1000 3 1000 3 1000 4 -1 -1 1001 6 -1 -1 -1 -1 1001 6 -1 -1 -1 -1 1001 5 -1 -1 -1 -1 1001 12 1000 7 1000 4 -1 -1 1001 5 -1 -1 -1 -1 -1 -1 1002 12 1000 4 -1 -1 -1 -1
151 151 95 0 1000 1 1000 2 1000 3 1000 4 -1 -1 1001 6 -1 -1 -1 -1 1001 5 -1 -1 -1 -1 1001 5 -1 -1 -1 -1 1001 8 1000 8 1000 4 -1 -1 1001 5 -1 -1 -1 -1 1001 5 -1 -1 -1 -1 1002 0 1000 1 1000 4 -1 -1 1001 5 -1 -1 -1 -1 1001 12 1000 10 -1 -1 -1 -1 1002 7 1000 12 1000 11 1000 4 -1 -1 1001 5 -1 -1 -1 -1 -1 -1 1001 4 -1 -1 -1 -1
152 152 187 0 1000 1 1000 2 1000 3 1000 4 -1 -1 1001 5 -1 -1 -1 -1 1001 5 -1 -1 -1 -1 1001 5 -1 -1 -1 -1 1001 0 1000 1 1000 2 1000 3 1000 4 -1 -1 1001 9 -1 -1 -1 -1 1001 5 -1 -1 -1 -1 1001 5 -1 -1 -1 -1 1001 0 1000 1 1000 3 1000 3 1000 3 1000 4 -1 -1 1001 6 -1 -1 -1 -1 1001 6 -1 -1 -1 -1 1001 5 -1 -1 -1 -1 1001 5 -1 -1 -1 -1 1001 7 1000 3 1000 11 1000 3 1000 4 -1 -1 1001 6 -1 -1 -1 -1 1001 4 -1 -1 -1 -1 1001 6 -1 -1 -1 -1 1001 5 -1 -1 -1 -1 1002 7 1000 3 1000 4 -1 -1 1001 6 -1 -1 -1 -1 1001 5 -1 -1 -1 -1 -1 -1 1002 2 1000 12 1000 4 -1 -1 -1 -1 1001 5 -1 -1 -1 -1 -1 -1 1002 2 1000 12 1000 4 -1 -1 -1 -1 1001 5 -1 -1
153 153 107 0 1000 1 1000 2 1000 3 1000 4 -1 -1 1001 5 -1 -1 -1 -1 1001 5 -1 -1 -1 -1 1001 5 -1 -1 -1 -1 1001 0 1000 1 1000 3 1000 12 1000 4 -1 -1 -1 -1 1001 6 -1 -1 -1 -1 1001 5 -1 -1 -1 -1 1001 12 1000 13 1000 4 -1 -1 1001 5 -1 -1 -1 -1 -1 -1 1002 12 1000 8 1000 3 1000 4 -1 -1 1001 5 -1 -1 -1 -1 1001 5 -1 -1 -1 -1 -1 -1 -1 -1 1002 2 1000 4 -1 -1 1001 5 -1 -1
154 154 143 0 1000 1 1000 2 1000 3 1000 4 -1 -1 1001 6 -1 -1 -1 -1 1001 5 -1 -1 -1 -1 1001 5 -1 -1 -1 -1 1001 0 1000 1 1000 2 1000 4 -1 -1 1001 5 -1 -1 -1 -1 1001 5 -1 -1 -1 -1 1001 3 1000 13 1000 3 1000 4 -1 -1 1001 5 -1 -1 -1 -1 1001 4 -1 -1 -1 -1 1001 6 -1 -1 -1 -1 1002 3 1000 4 -1 -1 1001 6 -1 -1 -1 -1 -1 -1 1002 3 1000 3 1000 3 1000 2 1000 3 1000 3 1000 4 -1 -1 1001 9 -1 -1 -1 -1 1001 9 -1 -1 -1 -1 1001 4 -1 -1 -1 -1 1001 6 -1 -1 -1 -1 1001 9 -1 -1 -1 -1 1001 5 -1 -1
155 155 77 0 1000 1 1000 2 1000 3 1000 3 1000 4 -1 -1 1001 9 -1 -1 -1 -1 1001 9 -1 -1 -1 -1 1001 5 -1 -1 -1 -1 1001 5 -1 -1 -1 -1 1001 0 1000 1 1000 3 1000 4 -1 -1 1001 6 -1 -1 -1 -1 1001 5 -1 -1 -1 -1 1001 4 -1 -1 1002 3 1000 4 -1 -1 1001 9 -1 -1 -1 -1 -1 -1
156 156 87 0 1000 1 1000 2 1000 3 1000 4 -1 -1 1001 9 -1 -1 -1 -1 1001 5 -1 -1 -1 -1 1001 5 -1 -1 -1 -1 1001 10 -1 -1 1002 0 1000 1 1000 2 1000 4 -1 -1 1001 5 -1 -1 -1 -1 1001 5 -1 -1 -1 -1 1001 4 -1 -1 1002 11 1000 3 1000 3 1000 4 -1 -1 1001 6 -1 -1 -1 -1 1001 9 -1 -1 -1 -1 1001 4 -1 -1 -1 -1
157 157 163 0 1000 1 1000 3 1000 4 -1 -1 1001 5 -1 -1 -1 -1 1001 5 -1 -1 -1 -1 1001 3 1000 3 1000 12 1000 10 -1 -1 -1 -1 1001 6 -1 -1 -1 -1 1001 9 -1 -1 -1 -1 1002 0 1000 1 1000 2 1000 3 1000 3 1000 4 -1 -1 1001 9 -1 -1 -1 -1 1001 5 -1 -1 -1 -1 1001 5 -1 -1 -1 -1 1001 5 -1 -1 -1 -1 1001 0 1000 1 1000 3 1000 12 1000 4 -1 -1 -1 -1 1001 6 -1 -1 -1 -1 1001 5 -1 -1 -1 -1 1001 3 1000 3 1000 4 -1 -1 1001 6 -1 -1 -1 -1 1001 9 -1 -1 -1 -1 1002 2 1000 4 -1 -1 1001 5 -1 -1 -1 -1 -1 -1 1002 3 1000 3 1000 4 -1 -1 1001 6 -1 -1 -1 -1 1001 9 -1 -1 -1 -1
158 158 59 0 1000 1 1000 2 1000 4 -1 -1 1001 5 -1 -1 -1 -1 1001 5 -1 -1 -1 -1 1001 11 1000 3 1000 4 -1 -1 1001 6 -1 -1 -1 -1 1001 5 -1 -1 -1 -1 1002 11 1000 8 1000 5 -1 -1 1001 5 -1 -1 -1 -1 1001 4 -1 -1
159 159 147 0 1000 1 1000 2 1000 4 -1 -1 1001 5 -1 -1 -1 -1 1001 5 -1 -1 -1 -1 1001 0 1000 1 1000 3 1000 3 1000 4 -1 -1 1001 9 -1 -1 -1 -1 1001 5 -1 -1 -1 -1 1001 5 -1 -1 -1 -1 1001 4 -1 -1 1002 8 1000 3 1000 3 1000 8 1000 4 -1 -1 1001 5 -1 -1 -1 -1 1001 5 -1 -1 -1 -1 1001 5 -1 -1 -1 -1 1001 5 -1 -1 -1 -1 -1 -1 1002 0 1000 1 1000 3 1000 4 -1 -1 1001 6 -1 -1 -1 -1 1001 5 -1 -1 -1 -1 1001 10 -1 -1 1002 3 1000 3 1000 3 1000 4 -1 -1 1001 9 -1 -1 -1 -1 1001 5 -1 -1 -1 -1 1001 5 -1 -1 -1 -1
160 160 139 0 1000 1 1000 2 1000 4 -1 -1 1001 5 -1 -1 -1 -1 1001 5 -1 -1 -1 -1 1001 0 1000 1 1000 2 1000 3 1000 4 -1 -1 1001 6 -1 -1 -1 -1 1001 5 -1 -1 -1 -1 1001 5 -1 -1 -1 -1 1001 8 1000 5 -1 -1 1001 5 -1 -1 -1 -1 1002 3 1000 4 -1 -1 1001 5 -1 -1 -1 -1 -1 -1 1002 0 1000 1 1000 2 1000 3 1000 4 -1 -1 1001 6 -1 -1 -1 -1 1001 5 -1 -1 -1 -1 1001 5 -1 -1 -1 -1 1001 3 1000 4 -1 -1 1001 5 -1 -1 -1 -1 1002 11 1000 8 1000 5 -1 -1 1001 5 -1 -1 -1 -1 1001 4 -1 -1 -1 -1
161 161 49 0 1000 1 1000 2 1000 4 -1 -1 1001 5 -1 -1 -1 -1 1001 5 -1 -1 -1 -1 1001 8 1000 8 1000 3 1000 4 -1 -1 1001 6 -1 -1 -1 -1 1001 5 -1 -1 -1 -1 1001 5 -1 -1 -1 -1
162 162 15 12 1000 8 1000 12 1000 4 -1 -1 -1 -1 1001 5 -1 -1
163 163 103 0 1000 1 1000 2 1000 4 -1 -1 1001 5 -1 -1 -1 -1 1001 5 -1 -1 -1 -1 1001 3 1000 11 1000 4 -1 -1 1001 5 -1 -1 -1 -1 1001 5 -1 -1 -1 -1 1002 0 1000 1 1000 3 1000 3 1000 4 -1 -1 1001 6 -1 -1 -1 -1 1001 6 -1 -1 -1 -1 1001 5 -1 -1 -1 -1 1001 3 1000 11 1000 4 -1 -1 1001 5 -1 -1 -1 -1 1001 5 -1 -1 -1 -1 1002 8 1000 4 -1 -1 1001 5 -1 -1 -1 -1
164 164 87 0 1000 1 1000 2 1000 4 -1 -1 1001 5 -1 -1 -1 -1 1001 5 -1 -1 -1 -1 1001 3 1000 4 -1 -1 1001 5 -1 -1 -1 -1 1002 0 1000 1 1000 3 1000 4 -1 -1 1001 6 -1 -1 -1 -1 1001 5 -1 -1 -1 -1 1001 3 1000 4 -1 -1 1001 5 -1 -1 -1 -1 1002 7 1000 3 1000 4 -1 -1 1001 5 -1 -1 -1 -1 1001 4 -1 -1 -1 -1
165 165 119 0 1000 1 1000 2 1000 4 -1 -1 1001 5 -1 -1 -1 -1 1001 5 -1 -1 -1 -1 1001 8 1000 3 1000 4 -1 -1 1001 6 -1 -1 -1 -1 1001 5 -1 -1 -1 -1 1002 0 1000 1 1000 2 1000 3 1000 4 -1 -1 1001 6 -1 -1 -1 -1 1001 5 -1 -1 -1 -1 1001 5 -1 -1 -1 -1 1001 8 1000 3 1000 4 -1 -1 1001 6 -1 -1 -1 -1 1001 5 -1 -1 -1 -1 1002 3 1000 8 1000 8 1000 4 -1 -1 1001 5 -1 -1 -1 -1 1001 5 -1 -1 -1 -1 1001 5 -1 -1 -1 -1
166 166 187 0 1000 1 1000 2 1000 3 1000 3 1000 4 -1 -1 1001 9 -1 -1 -1 -1 1001 5 -1 -1 -1 -1 1001 5 -1 -1 -1 -1 1001 5 -1 -1 -1 -1 1001 0 1000 1 1000 12 1000 8 1000 4 -1 -1 1001 5 -1 -1 -1 -1 -1 -1 1001 5 -1 -1 -1 -1 1001 0 1000 1 1000 12 1000 8 1000 3 1000 4 -1 -1 1001 5 -1 -1 -1 -1 1001 5 -1 -1 -1 -1 -1 -1 1001 5 -1 -1 -1 -1 1001 12 1000 3 1000 4 -1 -1 1001 5 -1 -1 -1 -1 -1 -1 1002 8 1000 7 1000 8 1000 4 -1 -1 1001 5 -1 -1 -1 -1 1001 4 -1 -1 -1 -1 1001 5 -1 -1 -1 -1 -1 -1 1002 8 1000 7 1000 8 1000 4 -1 -1 1001 5 -1 -1 -1 -1 1001 4 -1 -1 -1 -1 1001 5 -1 -1 -1 -1 -1 -1 1002 12 1000 3 1000 4 -1 -1 1001 5 -1 -1 -1 -1
167 167 0
168 168 147 0 1000 1 1000 2 1000 4 -1 -1 1001 5 -1 -1 -1 -1 1001 5 -1 -1 -1 -1 1001 0 1000 1 1000 2 1000 3 1000 4 -1 -1 1001 6 -1 -1 -1 -1 1001 5 -1 -1 -1 -1 1001 5 -1 -1 -1 -1 1001 3 1000 4 -1 -1 1001 5 -1 -1 -1 -1 1002 10 -1 -1 -1 -1 1002 0 1000 1 1000 3 1000 3 1000 3 1000 4 -1 -1 1001 6 -1 -1 -1 -1 1001 6 -1 -1 -1 -1 1001 9 -1 -1 -1 -1 1001 5 -1 -1 -1 -1 1001 8 1000 7 1000 3 1000 4 -1 -1 1001 9 -1 -1 -1 -1 1001 4 -1 -1 -1 -1 1001 5 -1 -1 -1 -1 1002 8 1000 4 -1 -1 1001 5 -1 -1 -1 -1
169 169 179 0 1000 1 1000 2 1000 3 1000 4 -1 -1 1001 6 -1 -1 -1 -1 1001 5 -1 -1 -1 -1 1001 5 -1 -1 -1 -1 1001 0 1000 1 1000 3 1000 11 1000 4 -1 -1 1001 5 -1 -1 -1 -1 1001 6 -1 -1 -1 -1 1001 5 -1 -1 -1 -1 1001 0 1000 1 1000 2 1000 4 -1 -1 1001 5 -1 -1 -1 -1 1001 5 -1 -1 -1 -1 1001 5 -1 -1 1002 10 -1 -1 -1 -1 1002 8 1000 4 -1 -1 1001 5 -1 -1 -1 -1 -1 -1 1002 0 1000 1 1000 3 1000 3 1000 3 1000 4 -1 -1 1001 6 -1 -1 -1 -1 1001 6 -1 -1 -1 -1 1001 9 -1 -1 -1 -1 1001 5 -1 -1 -1 -1 1001 4 -1 -1 1002 0 1000 1 1000 2 1000 4 -1 -1 1001 5 -1 -1 -1 -1 1001 5 -1 -1 -1 -1 1001 5 -1 -1 1002 10 -1 -1 -1 -1
170 170 187 0 1000 1 1000 2 1000 3 1000 8 1000 4 -1 -1 1001 5 -1 -1 -1 -1 1001 9 -1 -1 -1 -1 1001 5 -1 -1 -1 -1 1001 5 -1 -1 -1 -1 1001 0 1000 1 1000 2 1000 3 1000 4 -1 -1 1001 6 -1 -1 -1 -1 1001 4 -1 -1 -1 -1 1001 5 -1 -1 -1 -1 1001 2 1000 3 1000 11 1000 4 -1 -1 1001 5 -1 -1 -1 -1 1001 9 -1 -1 -1 -1 1001 4 -1 -1 -1 -1 1002 2 1000 12 1000 4 -1 -1 -1 -1 1001 5 -1 -1 -1 -1 -1 -1 1002 0 1000 1 1000 3 1000 12 1000 4 -1 -1 -1 -1 1001 6 -1 -1 -1 -1 1001 5 -1 -1 -1 -1 1001 2 1000 3 1000 8 1000 4 -1 -1 1001 5 -1 -1 -1 -1 1001 9 -1 -1 -1 -1 1001 4 -1 -1 -1 -1 1002 2 1000 3 1000 4 -1 -1 1001 9 -1 -1 -1 -1 1001 4 -1 -1 -1 -1
171 171 115 0 1000 1 1000 2 1000 3 1000 4 -1 -1 1001 6 -1 -1 -1 -1 1001 5 -1 -1 -1 -1 1001 5 -1 -1 -1 -1 1001 0 1000 1 1000 2 1000 4 -1 -1 1001 5 -1 -1 -1 -1 1001 5 -1 -1 -1 -1 1001 3 1000 11 1000 3 1000 4 -1 -1 1001 6 -1 -1 -1 -1 1001 4 -1 -1 -1 -1 1001 6 -1 -1 -1 -1 1002 3 1000 4 -1 -1 1001 6 -1 -1 -1 -1 -1 -1 1002 8 1000 12 1000 13 1000 4 -1 -1 1001 5 -1 -1 -1 -1 -1 -1 1001 5 -1 -1
172 172 159 0 1000 1 1000 2 1000 3 1000 4 -1 -1 1001 9 -1 -1 -1 -1 1001 5 -1 -1 -1 -1 1001 5 -1 -1 -1 -1 1001 0 1000 1 1000 3 1000 3 1000 3 1000 4 -1 -1 1001 6 -1 -1 -1 -1 1001 6 -1 -1 -1 -1 1001 9 -1 -1 -1 -1 1001 5 -1 -1 -1 -1 1001 3 1000 3 1000 3 1000 4 -1 -1 1001 9 -1 -1 -1 -1 1001 9 -1 -1 -1 -1 1001 5 -1 -1 -1 -1 1002 3 1000 3 1000 3 1000 2 1000 3 1000 4 -1 -1 1001 6 -1 -1 -1 -1 1001 4 -1 -1 -1 -1 1001 9 -1 -1 -1 -1 1001 9 -1 -1 -1 -1 1001 5 -1 -1 -1 -1 -1 -1 1002 7 1000 3 1000 4 -1 -1 1001 6 -1 -1 -1 -1 1001 4 -1 -1
173 173 103 0 1000 1 1000 2 1000 4 -1 -1 1001 5 -1 -1 -1 -1 1001 5 -1 -1 -1 -1 1001 8 1000 3 1000 4 -1 -1 1001 5 -1 -1 -1 -1 1001 5 -1 -1 -1 -1 1002 0 1000 1 1000 3 1000 4 -1 -1 1001 6 -1 -1 -1 -1 1001 5 -1 -1 -1 -1 1001 3 1000 4 -1 -1 1001 9 -1 -1 -1 -1 1002 3 1000 11 1000 8 1000 4 -1 -1 1001 5 -1 -1 -1 -1 1001 4 -1 -1 -1 -1 1001 9 -1 -1 -1 -1
174 174 203 0 1000 1 1000 2 1000 4 -1 -1 1001 5 -1 -1 -1 -1 1001 5 -1 -1 -1 -1 1001 0 1000 1 1000 2 1000 3 1000 4 -1 -1 1001 9 -1 -1 -1 -1 1001 4 -1 -1 -1 -1 1001 5 -1 -1 -1 -1 1001 11 1000 4 -1 -1 1001 5 -1 -1 -1 -1 1002 8 1000 4 -1 -1 1001 5 -1 -1 -1 -1 -1 -1 1002 0 1000 1 1000 2 1000 3 1000 4 -1 -1 1001 6 -1 -1 -1 -1 1001 5 -1 -1 -1 -1 1001 5 -1 -1 -1 -1 1001 12 1000 5 -1 -1 -1 -1 1002 0 1000 1 1000 2 1000 3 1000 4 -1 -1 1001 5 -1 -1 -1 -1 1001 5 -1 -1 -1 -1 1001 5 -1 -1 -1 -1 1001 12 1000 8 1000 3 1000 3 1000 4 -1 -1 1001 5 -1 -1 -1 -1 1001 5 -1 -1 -1 -1 1001 5 -1 -1 -1 -1 -1 -1 1002 12 1000 7 1000 3 1000 4 -1 -1 1001 5 -1 -1 -1 -1 1001 5 -1 -1 -1 -1 -1 -1 -1 -1
175 175 95 0 1000 1 1000 2 1000 4 -1 -1 1001 5 -1 -1 -1 -1 1001 5 -1 -1 -1 -1 1001 0 1000 1 1000 3 1000 3 1000 4 -1 -1 1001 6 -1 -1 -1 -1 1001 5 -1 -1 -1 -1 1001 5 -1 -1 -1 -1 1001 4 -1 -1 1002 7 1000 3 1000 4 -1 -1 1001 5 -1 -1 -1 -1 1001 4 -1 -1 -1 -1 -1 -1 1002 8 1000 7 1000 4 -1 -1 1001 5 -1 -1 -1 -1 1001 5 -1 -1
176 176 67 0 1000 1 1000 2 1000 3 1000 3 1000 4 -1 -1 1001 5 -1 -1 -1 -1 1001 5 -1 -1 -1 -1 1001 5 -1 -1 -1 -1 1001 5 -1 -1 -1 -1 1001 3 1000 8 1000 4 -1 -1 1001 5 -1 -1 -1 -1 1001 6 -1 -1 -1 -1 1002 11 1000 4 -1 -1 1001 5 -1 -1
177 177 183 0 1000 1 1000 2 1000 4 -1 -1 1001 5 -1 -1 -1 -1 1001 5 -1 -1 -1 -1 1001 0 1000 1 1000 3 1000 4 -1 -1 1001 5 -1 -1 -1 -1 1001 5 -1 -1 -1 -1 1001 5 -1 -1 1002 0 1000 1 1000 3 1000 3 1000 4 -1 -1 1001 5 -1 -1 -1 -1 1001 5 -1 -1 -1 -1 1001 5 -1 -1 -1 -1 1001 5 -1 -1 1002 0 1000 1 1000 3 1000 3 1000 3 1000 4 -1 -1 1001 5 -1 -1 -1 -1 1001 5 -1 -1 -1 -1 1001 5 -1 -1 -1 -1 1001 5 -1 -1 -1 -1 1001 5 -1 -1 1002 4 -1 -1 -1 -1 -1 -1 -1 -1 1002 0 1000 1 1000 12 1000 4 -1 -1 -1 -1 1001 5 -1 -1 -1 -1 1001 8 1000 4 -1 -1 1001 5 -1 -1 -1 -1 1002 8 1000 7 1000 4 -1 -1 1001 5 -1 -1 -1 -1 1001 5 -1 -1 -1 -1
178 178 119 0 1000 1 1000 2 1000 4 -1 -1 1001 5 -1 -1 -1 -1 1001 5 -1 -1 -1 -1 1001 0 1000 1 1000 3 1000 3 1000 4 -1 -1 1001 6 -1 -1 -1 -1 1001 9 -1 -1 -1 -1 1001 5 -1 -1 -1 -1 1001 3 1000 2 1000 3 1000 4 -1 -1 1001 6 -1 -1 -1 -1 1001 4 -1 -1 -1 -1 1001 5 -1 -1 -1 -1 1002 8 1000 4 -1 -1 1001 5 -1 -1 -1 -1 -1 -1 1002 3 1000 2 1000 3 1000 4 -1 -1 1001 6 -1 -1 -1 -1 1001 4 -1 -1 -1 -1 1001 5 -1 -1
179 179 97 0 1000 1 1000 2 1000 4 -1 -1 1001 5 -1 -1 -1 -1 1001 5 -1 -1 -1 -1 1001 0 1000 1 1000 3 1000 3 1000 12 1000 4 -1 -1 -1 -1 1001 6 -1 -1 -1 -1 1001 9 -1 -1 -1 -1 1001 5 -1 -1 -1 -1 1001 10 -1 -1 1002 3 1000 3 1000 3 1000 11 1000 4 -1 -1 1001 5 -1 -1 -1 -1 1001 6 -1 -1 -1 -1 1001 9 -1 -1 -1 -1 1001 5 -1 -1 -1 -1 -1 -1
180 180 127 0 1000 1 1000 2 1000 3 1000 8 1000 4 -1 -1 1001 5 -1 -1 -1 -1 1001 9 -1 -1 -1 -1 1001 5 -1 -1 -1 -1 1001 5 -1 -1 -1 -1 1001 0 1000 1 1000 3 1000 12 1000 4 -1 -1 -1 -1 1001 6 -1 -1 -1 -1 1001 5 -1 -1 -1 -1 1001 12 1000 4 -1 -1 -1 -1 1002 12 1000 8 1000 4 -1 -1 1001 5 -1 -1 -1 -1 -1 -1 -1 -1 1002 0 1000 1 1000 2 1000 4 -1 -1 1001 5 -1 -1 -1 -1 1001 5 -1 -1 -1 -1 1001 12 1000 5 -1 -1 -1 -1 1002 12 1000 10 -1 -1 -1 -1
181 181 167 0 1000 1 1000 2 1000 3 1000 4 -1 -1 1001 5 -1 -1 -1 -1 1001 5 -1 -1 -1 -1 1001 5 -1 -1 -1 -1 1001 0 1000 1 1000 2 1000 4 -1 -1 1001 5 -1 -1 -1 -1 1001 5 -1 -1 -1 -1 1001 8 1000 11 1000 8 1000 3 1000 4 -1 -1 1001 5 -1 -1 -1 -1 1001 5 -1 -1 -1 -1 1001 4 -1 -1 -1 -1 1001 5 -1 -1 -1 -1 1002 8 1000 12 1000 8 1000 12 1000 4 -1 -1 -1 -1 1001 5 -1 -1 -1 -1 -1 -1 1001 5 -1 -1 -1 -1 -1 -1 1002 3 1000 3 1000 3 1000 2 1000 3 1000 3 1000 4 -1 -1 1001 9 -1 -1 -1 -1 1001 9 -1 -1 -1 -1 1001 4 -1 -1 -1 -1 1001 6 -1 -1 -1 -1 1001 9 -1 -1 -1 -1 1001 5 -1 -1
182 182 127 0 1000 1 1000 3 1000 2 1000 8 1000 4 -1 -1 1001 5 -1 -1 -1 -1 1001 4 -1 -1 -1 -1 1001 6 -1 -1 -1 -1 1001 5 -1 -1 -1 -1 1001 0 1000 1 1000 3 1000 11 1000 4 -1 -1 1001 5 -1 -1 -1 -1 1001 6 -1 -1 -1 -1 1001 5 -1 -1 -1 -1 1001 11 1000 8 1000 4 -1 -1 1001 5 -1 -1 -1 -1 1001 4 -1 -1 -1 -1 1002 12 1000 8 1000 12 1000 4 -1 -1 -1 -1 1001 5 -1 -1 -1 -1 -1 -1 -1 -1 1002 12 1000 8 1000 12 1000 4 -1 -1 -1 -1 1001 5 -1 -1 -1 -1
183 183 59 0 1000 1 1000 2 1000 4 -1 -1 1001 5 -1 -1 -1 -1 1001 5 -1 -1 -1 -1 1001 3 1000 4 -1 -1 1001 6 -1 -1 -1 -1 1002 11 1000 3 1000 3 1000 4 -1 -1 1001 6 -1 -1 -1 -1 1001 5 -1 -1 -1 -1 1001 4 -1 -1
184 184 51 0 1000 1 1000 2 1000 4 -1 -1 1001 5 -1 -1 -1 -1 1001 5 -1 -1 -1 -1 1001 5 -1 -1 1002 13 1000 3 1000 3 1000 4 -1 -1 1001 6 -1 -1 -1 -1 1001 9 -1 -1 -1 -1 1001 4 -1 -1
185 185 79 0 1000 1 1000 2 1000 4 -1 -1 1001 5 -1 -1 -1 -1 1001 5 -1 -1 -1 -1 1001 12 1000 3 1000 3 1000 12 1000 10 -1 -1 -1 -1 1001 6 -1 -1 -1 -1 1001 9 -1 -1 -1 -1 -1 -1 1002 3 1000 3 1000 12 1000 3 1000 4 -1 -1 1001 9 -1 -1 -1 -1 -1 -1 1001 6 -1 -1 -1 -1 1001 9 -1 -1
186 186 123 0 1000 1 1000 2 1000 4 -1 -1 1001 5 -1 -1 -1 -1 1001 5 -1 -1 -1 -1 1001 0 1000 1 1000 3 1000 12 1000 4 -1 -1 -1 -1 1001 5 -1 -1 -1 -1 1001 5 -1 -1 -1 -1 1001 10 -1 -1 1002 2 1000 3 1000 4 -1 -1 1001 6 -1 -1 -1 -1 1001 4 -1 -1 -1 -1 -1 -1 1002 0 1000 1 1000 12 1000 4 -1 -1 -1 -1 1001 5 -1 -1 -1 -1 1001 8 1000 4 -1 -1 1001 5 -1 -1 -1 -1 1002 8 1000 7 1000 4 -1 -1 1001 5 -1 -1 -1 -1 1001 5 -1 -1 -1 -1
187 187 111 0 1000 1 1000 4 -1 -1 1001 5 -1 -1 -1 -1 1001 8 1000 3 1000 3 1000 4 -1 -1 1001 9 -1 -1 -1 -1 1001 5 -1 -1 -1 -1 1001 5 -1 -1 -1 -1 1002 0 1000 1 1000 2 1000 4 -1 -1 1001 5 -1 -1 -1 -1 1001 5 -1 -1 -1 -1 1001 11 1000 8 1000 4 -1 -1 1001 5 -1 -1 -1 -1 1001 4 -1 -1 -1 -1 1002 8 1000 3 1000 3 1000 4 -1 -1 1001 9 -1 -1 -1 -1 1001 5 -1 -1 -1 -1 1001 5 -1 -1 -1 -1
188 188 175 0 1000 1 1000 2 1000 3 1000 3 1000 4 -1 -1 1001 6 -1 -1 -1 -1 1001 9 -1 -1 -1 -1 1001 5 -1 -1 -1 -1 1001 5 -1 -1 -1 -1 1001 0 1000 1 1000 2 1000 4 -1 -1 1001 5 -1 -1 -1 -1 1001 5 -1 -1 -1 -1 1001 12 1000 3 1000 12 1000 3 1000 4 -1 -1 1001 5 -1 -1 -1 -1 -1 -1 1001 9 -1 -1 -1 -1 -1 -1 1002 12 1000 3 1000 4 -1 -1 1001 9 -1 -1 -1 -1 -1 -1 -1 -1 1002 0 1000 1 1000 2 1000 4 -1 -1 1001 5 -1 -1 -1 -1 1001 5 -1 -1 -1 -1 1001 12 1000 3 1000 12 1000 3 1000 4 -1 -1 1001 5 -1 -1 -1 -1 -1 -1 1001 9 -1 -1 -1 -1 -1 -1 1002 13 1000 3 1000 4 -1 -1 1001 6 -1 -1 -1 -1 1001 4 -1 -1 -1 -1
189 189 111 0 1000 1 1000 2 1000 3 1000 3 1000 4 -1 -1 1001 6 -1 -1 -1 -1 1001 9 -1 -1 -1 -1 1001 5 -1 -1 -1 -1 1001 5 -1 -1 -1 -1 1001 0 1000 1 1000 2 1000 4 -1 -1 1001 5 -1 -1 -1 -1 1001 5 -1 -1 -1 -1 1001 8 1000 4 -1 -1 1001 5 -1 -1 -1 -1 1002 3 1000 8 1000 4 -1 -1 1001 5 -1 -1 -1 -1 1001 5 -1 -1 -1 -1 -1 -1 1002 3 1000 8 1000 4 -1 -1 1001 5 -1 -1 -1 -1 1001 5 -1 -1
190 190 107 0 1000 1 1000 2 1000 4 -1 -1 1001 5 -1 -1 -1 -1 1001 5 -1 -1 -1 -1 1001 0 1000 1 1000 3 1000 3 1000 4 -1 -1 1001 6 -1 -1 -1 -1 1001 9 -1 -1 -1 -1 1001 5 -1 -1 -1 -1 1001 12 1000 11 1000 8 1000 4 -1 -1 1001 5 -1 -1 -1 -1 1001 4 -1 -1 -1 -1 -1 -1 1002 12 1000 4 -1 -1 -1 -1 -1 -1 1002 12 1000 11 1000 8 1000 4 -1 -1 1001 5 -1 -1 -1 -1 1001 4 -1 -1 -1 -1
191 191 191 0 1000 1 1000 2 1000 4 -1 -1 1001 5 -1 -1 -1 -1 1001 5 -1 -1 -1 -1 1001 3 1000 4 -1 -1 1001 9 -1 -1 -1 -1 1002 0 1000 1 1000 2 1000 3 1000 4 -1 -1 1001 9 -1 -1 -1 -1 1001 5 -1 -1 -1 -1 1001 5 -1 -1 -1 -1 1001 3 1000 4 -1 -1 1001 9 -1 -1 -1 -1 1002 0 1000 1 1000 3 1000 8 1000 3 1000 3 1000 4 -1 -1 1001 6 -1 -1 -1 -1 1001 9 -1 -1 -1 -1 1001 5 -1 -1 -1 -1 1001 9 -1 -1 -1 -1 1001 5 -1 -1 -1 -1 1001 10 -1 -1 1002 0 1000 1 1000 3 1000 3 1000 3 1000 3 1000 4 -1 -1 1001 6 -1 -1 -1 -1 1001 9 -1 -1 -1 -1 1001 5 -1 -1 -1 -1 1001 5 -1 -1 -1 -1 1001 5 -1 -1 -1 -1 1001 10 -1 -1 1002 3 1000 4 -1 -1 1001 6 -1 -1 -1 -1 -1 -1 -1 -1
192 192 151 0 1000 1 1000 2 1000 4 -1 -1 1001 5 -1 -1 -1 -1 1001 5 -1 -1 -1 -1 1001 0 1000 1 1000 3 1000 4 -1 -1 1001 6 -1 -1 -1 -1 1001 5 -1 -1 -1 -1 1001 7 1000 8 1000 8 1000 4 -1 -1 1001 5 -1 -1 -1 -1 1001 5 -1 -1 -1 -1 1001 4 -1 -1 -1 -1 1002 7 1000 8 1000 8 1000 5 -1 -1 1001 5 -1 -1 -1 -1 1001 5 -1 -1 -1 -1 1001 4 -1 -1 -1 -1 -1 -1 1002 0 1000 1 1000 3 1000 12 1000 4 -1 -1 -1 -1 1001 5 -1 -1 -1 -1 1001 5 -1 -1 -1 -1 1001 10 -1 -1 1002 2 1000 3 1000 4 -1 -1 1001 6 -1 -1 -1 -1 1001 4 -1 -1 -1 -1
193 193 103 0 1000 1 1000 3 1000 3 1000 4 -1 -1 1001 5 -1 -1 -1 -1 1001 5 -1 -1 -1 -1 1001 5 -1 -1 -1 -1 1001 12 1000 8 1000 4 -1 -1 1001 5 -1 -1 -1 -1 -1 -1 1002 0 1000 1 1000 2 1000 4 -1 -1 1001 5 -1 -1 -1 -1 1001 5 -1 -1 -1 -1 1001 12 1000 8 1000 4 -1 -1 1001 5 -1 -1 -1 -1 -1 -1 1002 11 1000 8 1000 5 -1 -1 1001 5 -1 -1 -1 -1 1001 4 -1 -1 -1 -1
194 194 151 0 1000 1 1000 2 1000 3 1000 4 -1 -1 1001 5 -1 -1 -1 -1 1001 5 -1 -1 -1 -1 1001 5 -1 -1 -1 -1 1001 7 1000 8 1000 4 -1 -1 1001 5 -1 -1 -1 -1 1001 4 -1 -1 -1 -1 1002 0 1000 1 1000 3 1000 3 1000 12 1000 4 -1 -1 -1 -1 1001 5 -1 -1 -1 -1 1001 5 -1 -1 -1 -1 1001 5 -1 -1 -1 -1 1001 12 1000 13 1000 4 -1 -1 1001 5 -1 -1 -1 -1 -1 -1 1002 0 1000 1 1000 4 -1 -1 1001 5 -1 -1 -1 -1 1001 12 1000 8 1000 12 1000 5 -1 -1 -1 -1 1001 5 -1 -1 -1 -1 -1 -1 1002 7 1000 12 1000 5 -1 -1 -1 -1 1001 4 -1 -1 -1 -1 -1 -1
195 195 67 0 1000 1 1000 2 1000 4 -1 -1 1001 5 -1 -1 -1 -1 1001 5 -1 -1 -1 -1 1001 8 1000 13 1000 3 1000 4 -1 -1 1001 9 -1 -1 -1 -1 1001 4 -1 -1 -1 -1 1001 5 -1 -1 -1 -1 1002 7 1000 3 1000 4 -1 -1 1001 9 -1 -1 -1 -1 1001 5 -1 -1
196 196 155 0 1000 1 1000 2 1000 3 1000 3 1000 4 -1 -1 1001 9 -1 -1 -1 -1 1001 5 -1 -1 -1 -1 1001 5 -1 -1 -1 -1 1001 5 -1 -1 -1 -1 1001 0 1000 1 1000 2 1000 3 1000 4 -1 -1 1001 6 -1 -1 -1 -1 1001 5 -1 -1 -1 -1 1001 5 -1 -1 -1 -1 1001 0 1000 1 1000 2 1000 3 1000 4 -1 -1 1001 9 -1 -1 -1 -1 1001 4 -1 -1 -1 -1 1001 5 -1 -1 -1 -1 1001 12 1000 11 1000 3 1000 4 -1 -1 1001 5 -1 -1 -1 -1 1001 4 -1 -1 -1 -1 -1 -1 1002 12 1000 4 -1 -1 -1 -1 -1 -1 1002 13 1000 4 -1 -1 1001 5 -1 -1 -1 -1 -1 -1 1002 13 1000 4 -1 -1 1001 5 -1 -1
197 197 115 0 1000 1 1000 2 1000 3 1000 4 -1 -1 1001 6 -1 -1 -1 -1 1001 5 -1 -1 -1 -1 1001 5 -1 -1 -1 -1 1001 12 1000 11 1000 3 1000 4 -1 -1 1001 6 -1 -1 -1 -1 1001 4 -1 -1 -1 -1 -1 -1 1002 0 1000 1 1000 2 1000 4 -1 -1 1001 5 -1 -1 -1 -1 1001 5 -1 -1 -1 -1 1001 8 1000 7 1000 3 1000 4 -1 -1 1001 9 -1 -1 -1 -1 1001 4 -1 -1 -1 -1 1001 5 -1 -1 -1 -1 1002 8 1000 4 -1 -1 1001 5 -1 -1 -1 -1
198 198 151 0 1000 1 1000 2 1000 4 -1 -1 1001 5 -1 -1 -1 -1 1001 5 -1 -1 -1 -1 1001 0 1000 1 1000 3 1000 4 -1 -1 1001 5 -1 -1 -1 -1 1001 5 -1 -1 -1 -1 1001 10 -1 -1 1002 11 1000 8 1000 5 -1 -1 1001 5 -1 -1 -1 -1 1001 4 -1 -1 -1 -1 -1 -1 1002 0 1000 1 1000 3 1000 3 1000 4 -1 -1 1001 9 -1 -1 -1 -1 1001 5 -1 -1 -1 -1 1001 5 -1 -1 -1 -1 1001 12 1000 8 1000 4 -1 -1 1001 5 -1 -1 -1 -1 -1 -1 1002 0 1000 1 1000 7 1000 4 -1 -1 1001 5 -1 -1 -1 -1 1001 5 -1 -1 -1 -1 1001 10 -1 -1 1002 12 1000 4 -1 -1 -1 -1 -1 -1
199 199 99 0 1000 1 1000 2 1000 4 -1 -1 1001 5 -1 -1 -1 -1 1001 5 -1 -1 -1 -1 1001 0 1000 1 1000 12 1000 8 1000 3 1000 4 -1 -1 1001 5 -1 -1 -1 -1 1001 5 -1 -1 -1 -1 -1 -1 1001 5 -1 -1 -1 -1 1001 8 1000 3 1000 4 -1 -1 1001 6 -1 -1 -1 -1 1001 5 -1 -1 -1 -1 1002 4 -1 -1 -1 -1 1002 8 1000 3 1000 4 -1 -1 1001 6 -1 -1 -1 -1 1001 5 -1 -1
